#Res        AtomicFlx
   1.000       5.4925
   2.000       3.1818
   3.000       2.7237
   4.000       2.7593
   5.000       3.1596
   6.000       2.9285
   7.000       2.6459
   8.000       3.0115
   9.000       3.1931
  10.000       2.8780
  11.000       2.9967
  12.000       3.4485
  13.000       3.3987
  14.000       3.5764
  15.000       3.1928
  16.000       2.9473
  17.000       2.6106
  18.000       2.5524
  19.000       2.7366
  20.000       2.5174
  21.000       2.2381
  22.000       1.9909
  23.000       1.8723
  24.000       2.1820
  25.000       2.4276
  26.000       2.5857
  27.000       2.8367
  28.000       2.8373
  29.000       2.5489
  30.000       2.5969
  31.000       2.3930
  32.000       2.2934
  33.000       1.9845
  34.000       1.9740
  35.000       1.8294
  36.000       1.8976
  37.000       2.1989
  38.000       2.2187
  39.000       2.2718
  40.000       2.1380
  41.000       2.3130
  42.000       2.4217
  43.000       2.3015
  44.000       1.9736
  45.000       2.0131
  46.000       2.1160
  47.000       1.9447
  48.000       1.8121
  49.000       2.1771
  50.000       2.2084
  51.000       1.8072
  52.000       1.5554
  53.000       1.3402
  54.000       1.4515
  55.000       1.3675
  56.000       1.2477
  57.000       1.2330
  58.000       1.5118
  59.000       1.7335
  60.000       1.3518
  61.000       1.4445
  62.000       1.3561
  63.000       1.4388
  64.000       1.3991
  65.000       1.4069
  66.000       1.5128
  67.000       1.6447
  68.000       1.5961
  69.000       1.8048
  70.000       2.1926
  71.000       2.1067
  72.000       1.7338
  73.000       1.4537
  74.000       1.3807
  75.000       1.2710
  76.000       1.2442
  77.000       1.3598
  78.000       1.3806
  79.000       1.4951
  80.000       1.4946
  81.000       1.3050
  82.000       1.2688
  83.000       1.2036
  84.000       1.2272
  85.000       1.3244
  86.000       1.5204
  87.000       1.7798
  88.000       1.9208
  89.000       1.7339
  90.000       1.7137
  91.000       2.0349
  92.000       2.1368
  93.000       1.9855
  94.000       1.9512
  95.000       2.2799
  96.000       2.5979
  97.000       2.6261
  98.000       2.1765
  99.000       2.0075
 100.000       2.3587
 101.000       2.3302
 102.000       1.8866
 103.000       2.1228
 104.000       2.4416
 105.000       2.2174
 106.000       2.3005
 107.000       2.3551
 108.000       1.8145
 109.000       1.6365
 110.000       1.3822
 111.000       1.4819
 112.000       1.5135
 113.000       1.5272
 114.000       2.0798
 115.000       2.3288
 116.000       2.2448
 117.000       2.2250
 118.000       2.0995
 119.000       1.9327
 120.000       2.1837
 121.000       2.2505
 122.000       1.9668
 123.000       2.0934
 124.000       1.9892
 125.000       2.2314
 126.000       2.5633
 127.000       2.4676
 128.000       2.1353
 129.000       2.2816
 130.000       2.5068
 131.000       2.2534
 132.000       2.0900
 133.000       2.4134
 134.000       2.4794
 135.000       2.2412
 136.000       2.4783
 137.000       3.0073
 138.000       3.2618
 139.000       3.8146
 140.000       4.7745
 141.000       4.3181
 142.000       3.4347
 143.000       3.0598
 144.000       3.2191
 145.000       2.4227
 146.000       2.1227
 147.000       1.8761
 148.000       1.9884
 149.000       1.8407
 150.000       1.7172
 151.000       1.7655
 152.000       1.6589
 153.000       1.7195
 154.000       1.9232
 155.000       1.9852
 156.000       2.2054
 157.000       2.0393
 158.000       1.7042
 159.000       1.6203
 160.000       1.4427
 161.000       1.2824
 162.000       1.2722
 163.000       1.1377
 164.000       1.1175
 165.000       1.0062
 166.000       1.0173
 167.000       1.0159
 168.000       1.1950
 169.000       2.0346
 170.000       1.2092
 171.000       0.9820
 172.000       0.9075
 173.000       0.9037
 174.000       0.9564
 175.000       0.9486
 176.000       0.9401
 177.000       1.0341
 178.000       1.1385
 179.000       1.1528
 180.000       1.1842
 181.000       1.3160
 182.000       1.2767
 183.000       1.3680
 184.000       1.2866
 185.000       1.4059
 186.000       1.3033
 187.000       1.1500
 188.000       1.1697
 189.000       1.0902
 190.000       1.1325
 191.000       1.1462
 192.000       1.2943
 193.000       1.1851
 194.000       1.1937
 195.000       1.1816
 196.000       1.1230
 197.000       1.1106
 198.000       1.1391
 199.000       1.0581
 200.000       1.0717
 201.000       1.1574
 202.000       1.1164
 203.000       1.0540
 204.000       1.1281
 205.000       1.2581
 206.000       1.3311
 207.000       1.3286
 208.000       1.1672
 209.000       1.2883
 210.000       1.2403
 211.000       1.3166
 212.000       1.3878
 213.000       1.2882
 214.000       1.2167
 215.000       1.3493
 216.000       1.4737
 217.000       1.3748
 218.000       1.4986
 219.000       1.6006
 220.000       1.7726
 221.000       1.5949
 222.000       1.5864
 223.000       1.9112
 224.000       1.9041
 225.000       1.7065
 226.000       1.7910
 227.000       1.7954
 228.000       1.3594
 229.000       1.2627
 230.000       1.1382
 231.000       1.0830
 232.000       1.0080
 233.000       1.1218
 234.000       1.1308
 235.000       1.3691
 236.000       1.0732
 237.000       1.1702
 238.000       1.3375
 239.000       1.4953
 240.000       1.2633
 241.000       1.1609
 242.000       1.2476
 243.000       1.3397
 244.000       1.5164
 245.000       1.9180
 246.000       1.8975
 247.000       1.6025
 248.000       1.6311
 249.000       1.6442
 250.000       1.4296
 251.000       1.6236
 252.000       1.7308
 253.000       1.5713
 254.000       1.2804
 255.000       1.2201
 256.000       1.3370
 257.000       1.1930
 258.000       1.1168
 259.000       1.2259
 260.000       1.1840
 261.000       1.1147
 262.000       1.1726
 263.000       1.3074
 264.000       1.2558
 265.000       1.2184
 266.000       1.3532
 267.000       1.6130
 268.000       1.4918
 269.000       1.6113
 270.000       1.9244
 271.000       2.3259
 272.000       2.6376
 273.000       2.9760
 274.000       2.6101
 275.000       2.2745
 276.000       1.7255
 277.000       1.4983
 278.000       1.3308
 279.000       1.1358
 280.000       1.0236
 281.000       0.8930
 282.000       0.8346
 283.000       0.7396
 284.000       0.7642
 285.000       0.8737
 286.000       0.8635
 287.000       1.0209
 288.000       1.0509
 289.000       1.2736
 290.000       1.2775
 291.000       1.3395
 292.000       1.2112
 293.000       1.0754
 294.000       1.1851
 295.000       1.2312
 296.000       1.0852
 297.000       1.0774
 298.000       1.2357
 299.000       1.2420
 300.000       1.1355
 301.000       1.2360
 302.000       1.1221
 303.000       1.0969
 304.000       0.9578
 305.000       0.8781
 306.000       0.7936
 307.000       0.7577
 308.000       0.8065
 309.000       0.8007
 310.000       0.9297
 311.000       1.0841
 312.000       1.0513
 313.000       0.9606
 314.000       1.0666
 315.000       0.9519
 316.000       0.8762
 317.000       0.8463
 318.000       0.9119
 319.000       0.7507
 320.000       0.7036
 321.000       0.7251
 322.000       0.8131
 323.000       0.9107
 324.000       1.0838
 325.000       1.1353
 326.000       1.3986
 327.000       1.9743
 328.000       1.1735
 329.000       1.5761
 330.000       1.5394
 331.000       1.4718
 332.000       1.2350
 333.000       1.7854
 334.000       1.6949
 335.000       1.8123
 336.000       2.0052
 337.000       1.9471
 338.000       1.4318
 339.000       1.2420
 340.000       1.1374
 341.000       1.1766
 342.000       0.9986
 343.000       1.0309
 344.000       1.0571
 345.000       0.9245
 346.000       0.9198
 347.000       0.9223
 348.000       0.9905
 349.000       1.1354
 350.000       1.0006
 351.000       1.0712
 352.000       1.0997
 353.000       1.3865
 354.000       1.4266
 355.000       1.2134
 356.000       1.3950
 357.000       1.3648
 358.000       1.4920
 359.000       1.5591
 360.000       1.8951
 361.000       1.7094
 362.000       2.1406
 363.000       1.9001
 364.000       2.2359
 365.000       2.6675
 366.000       2.6914
 367.000       3.6274
 368.000       3.6261
 369.000       2.5624
 370.000       2.0496
 371.000       1.8116
 372.000       1.6020
 373.000       1.4396
 374.000       1.4058
 375.000       1.2178
 376.000       1.1597
 377.000       1.0641
 378.000       1.1576
 379.000       1.2307
 380.000       1.5489
 381.000       1.6282
 382.000       1.3812
 383.000       1.2250
 384.000       1.0924
 385.000       1.0471
 386.000       0.9131
 387.000       0.8831
 388.000       0.8696
 389.000       0.8493
 390.000       0.8509
 391.000       0.8537
 392.000       0.8202
 393.000       0.8780
 394.000       0.9201
 395.000       0.9183
 396.000       0.8761
 397.000       0.8542
 398.000       0.9524
 399.000       1.1961
 400.000       0.9066
 401.000       0.8913
 402.000       0.8784
 403.000       0.9152
 404.000       0.9996
 405.000       1.1410
 406.000       1.2582
 407.000       1.1724
 408.000       1.1248
 409.000       1.0405
 410.000       1.0847
 411.000       1.0584
 412.000       0.9575
 413.000       0.9792
 414.000       1.0579
 415.000       1.0473
 416.000       1.0041
 417.000       1.0818
 418.000       1.1976
 419.000       1.0918
 420.000       1.0435
 421.000       0.9469
 422.000       0.8524
 423.000       0.8910
 424.000       0.8177
 425.000       0.8272
 426.000       0.9114
 427.000       0.9990
 428.000       0.9791
 429.000       1.0188
 430.000       1.1574
 431.000       1.2951
 432.000       1.2587
 433.000       1.3774
 434.000       1.4954
 435.000       1.4345
 436.000       1.4071
 437.000       1.5135
 438.000       1.5382
 439.000       2.0383
 443.000       4.3828
 444.000       3.8651
 445.000       3.3409
 446.000       3.8490
 447.000       4.1529
 448.000       3.6384
 449.000       3.5399
 450.000       4.2045
 451.000       4.2410
 452.000       3.9078
 453.000       4.2982
 454.000       4.8495
 455.000       4.6972
 456.000       4.6872
 457.000       4.0455
 458.000       3.8431
 459.000       3.3014
 460.000       3.1741
 461.000       3.2863
 462.000       2.8979
 463.000       2.4388
 464.000       2.3049
 465.000       2.0852
 466.000       2.5802
 467.000       2.8735
 468.000       2.8954
 469.000       3.1544
 470.000       3.0647
 471.000       2.8103
 472.000       2.9526
 473.000       2.7780
 474.000       2.6479
 475.000       2.1911
 476.000       2.2825
 477.000       2.1425
 478.000       2.3660
 479.000       2.8435
 480.000       2.6490
 481.000       2.5446
 482.000       2.2710
 483.000       2.4707
 484.000       2.6837
 485.000       2.6463
 486.000       2.1907
 487.000       2.2472
 488.000       2.5326
 489.000       2.3041
 490.000       1.9532
 491.000       2.2958
 492.000       2.4588
 493.000       2.2256
 494.000       2.2166
 495.000       2.6473
 496.000       2.8389
 497.000       2.6678
 498.000       2.0287
 499.000       2.2274
 500.000       2.0532
 501.000       2.1817
 502.000       1.6584
 503.000       1.7996
 504.000       2.1058
 505.000       1.8503
 506.000       1.8917
 507.000       1.5572
 508.000       1.7757
 509.000       1.9940
 510.000       2.6230
 511.000       2.9849
 512.000       3.8998
 513.000       4.0892
 514.000       3.7209
 515.000       2.9059
 516.000       2.6992
 517.000       2.3349
 518.000       2.0752
 519.000       2.3723
 520.000       2.1542
 521.000       2.1418
 522.000       2.1194
 523.000       1.7962
 524.000       1.8145
 525.000       1.6350
 526.000       1.8684
 527.000       2.0557
 528.000       2.5486
 529.000       3.1753
 530.000       3.1836
 531.000       2.6466
 532.000       2.9114
 533.000       3.5401
 534.000       3.4045
 535.000       3.0805
 536.000       3.3191
 537.000       3.9500
 538.000       4.5845
 539.000       4.5251
 540.000       3.9049
 541.000       3.8000
 542.000       4.2977
 543.000       4.2810
 544.000       3.9078
 545.000       4.2091
 546.000       4.1305
 547.000       3.8022
 548.000       3.5530
 549.000       3.4393
 550.000       2.9740
 551.000       2.4850
 552.000       2.1909
 553.000       2.3349
 554.000       2.1824
 555.000       2.3926
 556.000       3.0495
 557.000       3.5570
 558.000       3.6350
 559.000       3.3971
 560.000       3.4651
 561.000       3.3415
 562.000       3.6930
 563.000       3.4063
 564.000       2.8548
 565.000       2.9832
 566.000       2.7185
 567.000       3.0156
 568.000       3.5366
 569.000       3.4381
 570.000       2.7764
 571.000       2.9513
 572.000       3.3920
 573.000       2.9757
 574.000       2.5427
 575.000       3.0906
 576.000       3.2962
 577.000       2.7510
 578.000       2.8708
 579.000       3.5301
 580.000       3.4045
 581.000       3.1646
 582.000       3.2061
 583.000       3.6243
 584.000       3.0655
 585.000       3.2897
 586.000       3.1156
 587.000       2.7032
 588.000       2.5410
 589.000       2.4059
 590.000       2.1991
 591.000       2.0699
 592.000       1.8321
 593.000       1.8235
 594.000       1.6913
 595.000       1.6935
 596.000       1.8938
 597.000       1.9366
 598.000       2.1158
 599.000       1.9441
 600.000       1.6260
 601.000       1.5366
 602.000       1.3373
 603.000       1.1769
 604.000       1.1050
 605.000       0.9837
 606.000       0.9305
 607.000       0.8460
 608.000       0.8487
 609.000       0.8381
 610.000       0.7944
 611.000       0.8245
 612.000       0.8236
 613.000       0.8286
 614.000       0.8549
 615.000       0.8841
 616.000       0.8997
 617.000       0.9204
 618.000       0.9702
 619.000       1.0216
 620.000       1.0923
 621.000       1.1459
 622.000       1.2090
 623.000       1.2824
 624.000       1.2391
 625.000       1.2855
 626.000       1.1748
 627.000       1.2471
 628.000       1.1125
 629.000       0.9551
 630.000       0.9270
 631.000       0.8553
 632.000       0.8639
 633.000       0.8490
 634.000       0.9514
 635.000       0.9201
 636.000       0.9304
 637.000       0.9438
 638.000       0.8900
 639.000       0.8518
 640.000       0.8842
 641.000       0.8672
 642.000       0.8769
 643.000       0.9062
 644.000       0.9230
 645.000       0.9325
 646.000       0.9574
 647.000       1.0329
 648.000       1.0448
 649.000       1.0822
 650.000       0.9268
 651.000       0.9738
 652.000       0.9213
 653.000       1.0117
 654.000       1.1019
 655.000       1.0585
 656.000       1.0542
 657.000       1.1764
 658.000       1.2269
 659.000       1.1716
 660.000       1.4119
 661.000       1.5350
 662.000       1.5802
 663.000       1.3733
 664.000       1.3857
 665.000       1.6468
 666.000       1.6223
 667.000       1.5311
 668.000       1.6430
 669.000       1.6645
 670.000       1.1735
 671.000       1.1239
 672.000       1.0284
 673.000       0.9580
 674.000       0.9531
 675.000       0.9823
 676.000       1.0920
 677.000       1.0978
 678.000       1.1021
 679.000       1.2131
 680.000       1.3581
 681.000       1.4635
 682.000       1.4631
 683.000       1.5414
 684.000       1.7646
 685.000       2.0193
 686.000       2.1870
 687.000       2.6477
 688.000       2.5813
 689.000       2.2354
 690.000       2.1252
 691.000       1.8534
 692.000       1.5971
 693.000       1.6281
 694.000       1.5777
 695.000       1.5579
 696.000       1.3599
 697.000       1.3470
 698.000       1.3453
 699.000       1.1866
 700.000       1.1763
 701.000       1.2315
 702.000       1.1561
 703.000       1.0722
 704.000       1.1505
 705.000       1.2187
 706.000       1.1088
 707.000       1.1458
 708.000       1.3264
 709.000       1.3370
 710.000       1.2553
 711.000       1.4037
 712.000       1.6964
 713.000       2.2452
 714.000       2.7528
 715.000       2.7636
 716.000       2.1896
 717.000       2.0926
 718.000       1.6588
 719.000       1.4615
 720.000       1.2555
 721.000       1.1142
 722.000       1.0390
 723.000       0.9952
 724.000       0.9733
 725.000       0.9897
 726.000       1.0842
 727.000       1.2130
 728.000       1.3764
 729.000       1.5039
 730.000       1.4700
 731.000       1.6559
 732.000       1.6699
 733.000       1.6917
 734.000       1.5708
 735.000       1.4292
 736.000       1.5504
 737.000       1.5037
 738.000       1.3281
 739.000       1.3666
 740.000       1.5009
 741.000       1.4201
 742.000       1.3084
 743.000       1.4510
 744.000       1.3939
 745.000       1.4039
 746.000       1.2747
 747.000       1.2860
 748.000       1.3022
 749.000       1.2531
 750.000       1.3120
 751.000       1.2077
 752.000       1.3674
 753.000       1.4878
 754.000       1.4087
 755.000       1.3719
 756.000       1.3981
 757.000       1.3552
 758.000       1.3803
 759.000       1.2524
 760.000       1.2938
 761.000       1.1775
 762.000       1.1415
 763.000       1.0757
 764.000       1.0935
 765.000       1.1040
 766.000       1.2244
 767.000       1.2234
 768.000       1.3943
 769.000       1.7025
 770.000       1.3156
 771.000       1.7555
 772.000       1.6948
 773.000       1.7920
 774.000       1.6356
 775.000       2.0820
 776.000       2.9883
 777.000       3.6450
 778.000       3.9868
 779.000       4.4161
 780.000       3.8444
 781.000       2.8717
 782.000       1.7433
 783.000       1.5475
 784.000       1.2790
 785.000       1.3121
 786.000       1.3391
 787.000       1.1676
 788.000       1.1526
 789.000       1.1747
 790.000       1.3166
 791.000       1.5330
 792.000       1.3785
 793.000       1.4349
 794.000       1.3756
 795.000       1.6045
 796.000       1.5901
 797.000       1.5639
 798.000       1.4612
 799.000       1.4296
 800.000       1.7121
 801.000       2.2149
 802.000       2.2118
 803.000       1.7408
 804.000       2.3924
 805.000       2.3538
 806.000       3.3005
 807.000       4.3169
 808.000       3.8499
 809.000       4.7850
 810.000       3.7004
 811.000       2.8912
 812.000       2.8114
 813.000       2.5769
 814.000       2.4074
 815.000       2.0373
 816.000       1.8841
 817.000       1.5635
 818.000       1.3930
 819.000       1.3688
 820.000       1.6028
 821.000       1.7532
 822.000       2.1993
 823.000       2.3010
 824.000       2.0115
 825.000       1.7485
 826.000       1.5301
 827.000       1.3688
 828.000       1.1477
 829.000       1.0684
 830.000       1.0079
 831.000       0.9845
 832.000       1.0258
 833.000       1.0279
 834.000       0.9792
 835.000       1.0576
 836.000       1.1032
 837.000       1.0321
 838.000       1.0503
 839.000       0.9744
 840.000       1.0117
 841.000       1.1794
 842.000       0.9163
 843.000       0.8969
 844.000       0.8680
 845.000       0.8844
 846.000       0.8682
 847.000       0.8828
 848.000       0.9437
 849.000       0.9686
 850.000       1.0148
 851.000       1.0457
 852.000       1.0863
 853.000       1.0039
 854.000       0.9397
 855.000       1.0188
 856.000       1.0366
 857.000       0.9600
 858.000       0.9648
 859.000       1.0394
 860.000       1.0076
 861.000       0.9561
 862.000       0.9600
 863.000       1.0417
 864.000       1.0150
 865.000       1.1073
 866.000       1.0833
 867.000       1.0103
 868.000       1.0948
 869.000       1.1912
 870.000       1.1285
 871.000       1.1154
 872.000       1.2626
 873.000       1.3534
 874.000       1.2851
 875.000       1.3946
 876.000       1.4999
 877.000       1.4176
 878.000       1.3608
 879.000       1.4489
 880.000       1.4868
 881.000       1.9835
 885.000       2.2957
 886.000       0.8726
