Res	    3L_CDD
634	    0.4564
635	  	0.4311
636	  	0.372
637	  	0.3844
638	  	0.3773
639	  	0.3943
640	  	0.422
641	  	0.4264
642	  	0.4544
643	  	0.4894
644	  	0.4648
645	  	0.4432
646	  	0.4758
647	  	0.4268
648	  	0.4453
649	  0.4804
650	  	0.4783
651	  	0.5763
652	  	0.6486
653	  	0.6111
654	  	0.6589
655	  	0.5594
656	  	0.5805
657	  	0.5347
658	  	0.5661
659	  	0.5166
660	  0.4217
661	  	0.4277
662	  	0.4291
663	  0.4131
664	  	0.4748
665	  	0.5666
666	  	0.5834
667	  	0.5914
668	  	0.6122
669	  	0.6074
670	  	0.5398
671	  	0.5694
672	  	0.5435
673	  	0.5658
674	  	0.5857
675	  0.6114
676	  	0.5685
677	  	0.5609
678	  	0.6874
679	  	0.7449
680	  	0.6809
681	  	0.4768
682	  	0.4972
683	  	0.54
684	  	0.5945
685	  	0.7938
686	  	0.5882
687	  	0.5526
688	  	0.6869
689	  	0.7715
690	  	0.6762
691	  	0.8098
692	  	0.8001
693	  0.8619
694	  	0.8839
695	  	0.8879
696	  	0.9753
697	  	0.9767
698	  	0.9147
699	  	0.9895
700	  	0.892
701	  	0.5155
702	  	0.4231
703	  0.3914
704	  	0.368
705	  	0.4417
706	  	0.5857
707	  	0.7321
708	  	1.0817
709	  	0.7016
710	  	0.8032
711	  	0.9933
712	  	1.0682
713	  	1.1836
714	  	1.0914
715	  	1.2795
716	  	1.0412
717	  	1.4747
718	  	1.2876
719	  	1.6883
720	  	0.8666
721	  	0.775
722	  	1.1876
723	  0.8227
724	  	0.7767
725	  	0.9583
726	  	1.0765
727	  	0.7448
728	  	0.7069
729	  	0.6525
730	  0.579
731	  	0.5431
732	  	0.5376
733	  	0.5357
734	  	0.5045
735	  0.4875
736	  	0.491
737	  	0.4977
738	  	0.4957
739	  	0.6259
740	  	0.6389
741	  	0.6428
742	  0.8274
743	  	0.9555
744	  	1.5465
745	  	2.0651
746	  2.4011
747	  	1.7104
748	  	1.6381
749	  	1.132
750	  	0.8527
751	  0.5575
752	  	0.4355
753	  	0.4211
754	  	0.4375
755	  0.4233
756	  	0.4766
757	  	0.5654
758	  	0.8507
759	  	0.7704
760	  	0.8547
761	  	0.852
762	  	0.9485
763	  0.9224
764	  	0.8759
765	  	0.7726
766	  	0.6781
767	  	0.7087
768	  	0.6728
769	  0.5871
770	  	0.6233
771	  	0.6861
772	  0.6368
773	  	0.6389
774	  0.7279
775	  	0.7889
776	  	0.8109
777	  	0.7056
778	  	0.6642
779	  	0.6374
780	  	0.6018
781	  0.6105
782	  	0.532
783	  	0.6083
784	  	0.7814
785	  	0.6739
786	  	0.5831
787	  0.5951
788	  	0.5628
789	  	0.6186
790	  	0.5892
791	  	0.6001
792	  	0.5792
793	  	0.5481
794	  	0.5176
795	  	0.4567
796	  	0.4695
797	  	0.5391
798	  0.6395
799	  0.8742
800	  1.0404
801	  	0.8315
802	  	1.0636
803	  	0.9859
804	  	1.0356
805	  	0.8667
806	  	1.2524
807	  	1.6334
808	  	2.1389
809	  	2.4726
810	  	2.4466
811	  	1.7491
812	  	1.3693
813	  	0.9958
814	  	0.8101
815	  	0.5719
816	  	0.6475
817	  	0.7365
818	  	0.6071
819	  	0.5928
820	  	0.7352
821	  	0.9143
822	  	1.0549
823	  	0.798
824	  	0.7813
825	  	0.6939
826	  	0.8883
827	  	0.8479
828	  	0.8135
829	  	0.6645
830	  	0.6984
831	  0.7736
832	  	0.9319
833	  1.683
834	  	1.7803
835	  	1.4246
836	  	2.2444
837	  	4.1124
838	  	4.6114
839	  	5.163
840	  	6.1055
841	  	5.0442
842	  	4.1458
843	  	3.8207
844	  	3.8668
845	  	4.3438
846	  	3.2954
847	  	1.9545
848	  	1.1233
849	  0.8743
850	  	0.7349
851	  	0.9735
852	  	1.2309
853	  	1.6885
854	  1.7442
855	  	1.416
856	  	1.1722
857	  	1.0158
858	  	0.9516
859	  0.6788
860	  	0.6226
861	  	0.598
862	  0.617
863	  	0.4733
864	  	0.4919
865	  	0.4859
866	  	0.5296
867	  	0.5394
868	  	0.4924
869	  	0.537
870	  0.4985
871	  	0.5965
872	  	0.6993
873	  	0.5599
874	  	0.5311
875	  	0.5231
876	  	0.6238
877	  	0.7314
878	  	1.0076
879	  	1.1442
880	  	0.9891
881	  	0.9017
882	  	0.8604
883	  	0.9101
884	  	0.81
885	  	0.6088
886	  	0.6898
887	  	0.7325
888	  0.6237
889	  	0.5288
890	  	0.6234
891	  	0.6427
892	  	0.5658
893	  0.4956
894	  	0.4913
895	  	0.4693
896	  	0.529
897	  	0.4874
898	  	0.4864
899	  	0.5285
900	  	0.5984
901	  	0.5693
902	  	0.5434
903	  	0.6762
904	  	0.7654
905	  	0.6408
906	  	0.728
907	  	0.822
908	  	0.6908
909	  	0.6058
910	  	0.6745
911	  	0.8271
912	  1.5935
			