#Cluster WAVELET_00006[points] WAVELET_00006[minatm] WAVELET_00006[maxatm] WAVELET_00006[minfrm] WAVELET_00006[maxfrm] WAVELET_00006[avgval]
       0                 14194                  2749                  2811                 40894                 41502               182.830
       1                  8854                  1019                  1062                 24766                 25290               182.830
       2                  7240                  1316                  1373                  1429                  1886               182.830
       3                  6772                  1018                  1044                 12902                 13375               108.711
       4                  6768                  1024                  1062                 34902                 35287               182.830
       5                  6207                  1668                  1677                 27726                 28522               182.830
       6                  5961                  1019                  1037                 42615                 43095               182.830
       7                  5517                   278                   289                 14389                 15014               182.830
       8                  5511                  3196                  3265                  3170                  3492               182.830
       9                  5424                  3279                  3390                     1                   218               182.830
      10                  5333                  2762                  2808                 40906                 41225               153.741
      11                  4831                   400                   416                 17026                 17485               182.830
      12                  4717                  3794                  3827                 37111                 37473               129.280
      13                  4714                   743                   769                  3002                  3594               182.830
      14                  4399                  4067                  4093                 41737                 42203               153.741
      15                  4343                  4131                  4143                 36689                 37145               129.280
      16                  4323                   896                   931                 49385                 49755               153.741
      17                  4299                   276                   289                 10567                 11119               182.830
      18                  4225                  1240                  1289                 45573                 45846               182.830
      19                  4008                   990                  1000                 27426                 27952               182.830
      20                  3691                  2248                  2282                  8691                  8931                98.638
      21                  3585                  3281                  3336                 22392                 22620               129.280
      22                  3510                   400                   416                 41920                 42295               182.830
      23                  3425                  2681                  2734                     1                   287               182.830
      24                  3389                  1132                  1144                  8148                  8539               182.830
      25                  3343                  3051                  3060                  2234                  2669               153.741
      26                  3330                  3279                  3333                  3603                  3789               182.830
      27                  3291                   400                   416                 26404                 26846               182.830
      28                  3268                   402                   416                 46913                 47296               182.830
      29                  3221                  3608                  3634                 13237                 13607               182.830
      30                  3215                  4132                  4143                  7391                  7734               182.830
      31                  3214                  3468                  3477                 13396                 13790               182.830
      32                  3208                  2097                  2126                  5955                  6314               182.830
      33                  3173                  1532                  1541                 24622                 25032               182.830
      34                  3167                   260                   289                  4226                  4550               182.830
      35                  3154                  4129                  4143                 39600                 39989               153.741
      36                  3097                   310                   320                 16600                 16992               182.830
      37                  3002                   998                  1037                 13341                 13552               129.280
      38                  2988                  4068                  4093                 39462                 39783               153.741
      39                  2972                  1469                  1483                 39568                 39915               182.830
      40                  2954                   512                   577                   550                   789               153.741
      41                  2942                  4099                  4111                 33617                 34008               129.280
      42                  2924                  1302                  1325                  4403                  4651               182.830
      43                  2881                  1745                  1781                 17988                 18308               182.830
      44                  2866                  1670                  1677                   839                  1250               182.830
      45                  2857                   400                   412                 26723                 27112               129.280
      46                  2855                  1470                  1483                 45657                 46048               182.830
      47                  2821                  1466                  1483                  1582                  1872               153.741
      48                  2812                  1744                  1776                 47031                 47362               182.830
      49                  2808                  3599                  3610                  1282                  1626               153.741
      50                  2771                  1467                  1483                 44659                 45048               182.830
      51                  2766                   355                   380                 25907                 26261               182.830
      52                  2765                   400                   416                 26841                 27216               153.741
      53                  2752                  1020                  1037                 23848                 24039               182.830
      54                  2717                  3467                  3476                  4945                  5259               182.830
      55                  2709                  3391                  3436                  3152                  3339               182.830
      56                  2705                   990                   998                  5305                  5676               182.830
      57                  2698                  3966                  3980                 21177                 21492               129.280
      58                  2660                   721                   733                 35259                 35592               182.830
      59                  2651                  1742                  1776                 23068                 23323               108.711
      60                  2634                   402                   416                 42815                 43151               182.830
      61                  2620                  3757                  3766                 37792                 38155               182.830
      62                  2579                  2873                  2901                 31912                 32153               182.830
      63                  2574                  4000                  4037                  5264                  5521               182.830
      64                  2558                  3468                  3489                  1712                  2067               182.830
      65                  2501                  4132                  4143                 39967                 40275                91.060
      66                  2479                  1203                  1208                 25391                 25809               182.830
      67                  2475                  1132                  1140                  9325                  9723               182.830
      68                  2450                  1742                  1793                 22383                 22591               129.280
      69                  2335                   799                   806                  2377                  2739               182.830
      70                  2326                  1020                  1037                 21657                 21867               182.830
      71                  2323                   720                   733                 15226                 15491               182.830
      72                  2309                  1711                  1723                  8205                  8495               182.830
      73                  2306                  2700                  2755                 49771                 50000               182.830
      74                  2281                   355                   363                 48826                 49171               153.741
      75                  2220                  1019                  1037                 13523                 13721               153.741
      76                  2211                  4132                  4143                 43345                 43630               182.830
      77                  2210                   990                   998                 17181                 17484               182.830
      78                  2206                   743                   769                 18385                 18649               153.741
      79                  2161                  2178                  2192                  2815                  3134               182.830
      80                  2157                   408                   416                 39213                 39526               182.830
      81                  2140                  2177                  2192                   904                  1209               182.830
      82                  2120                  1669                  1677                 45230                 45547               182.830
      83                  2103                  2768                  2801                 21822                 21976               182.830
      84                  2091                  1669                  1676                 36102                 36415               182.830
      85                  2083                   722                   733                 12286                 12598               153.741
      86                  2033                  1020                  1037                 24179                 24318               182.830
      87                  2027                  1709                  1719                 10243                 10565               129.280
      88                  2015                   909                   935                 16423                 16657               182.830
      89                  2015                  1064                  1078                 39127                 39316               182.830
      90                  2012                  1064                  1078                 38788                 39008               182.830
      91                  2009                  2115                  2126                 15788                 16083               182.830
      92                  1967                  3034                  3060                 13325                 13570                91.628
      93                  1951                  2019                  2030                 45501                 45796               182.830
      94                  1948                  2652                  2657                 10700                 11028               182.830
      95                  1932                  3989                  4005                  2409                  2644               129.280
      96                  1929                   697                   704                 25096                 25373               153.741
      97                  1925                  2178                  2192                  3138                  3423               182.830
      98                  1915                  4068                  4093                 38818                 39031               129.280
      99                  1909                  2768                  2801                 33816                 34002               182.830
     100                  1908                   720                   733                 37824                 38071               129.280
     101                  1899                   719                   726                 16861                 17120               182.830
     102                  1895                  3990                  3999                 45273                 45592               182.830
     103                  1878                  1020                  1037                 21893                 22067               182.830
     104                  1867                  3412                  3445                     1                   165               182.830
     105                  1822                  3468                  3477                  2595                  2814               108.711
     106                  1818                   724                   733                 28128                 28404               182.830
     107                  1789                   278                   287                 17016                 17288               182.830
     108                  1784                  3290                  3315                 12096                 12263               182.830
     109                  1783                  1475                  1483                 13576                 13810               108.469
     110                  1782                  3599                  3610                 10933                 11208               129.280
     111                  1782                  2213                  2257                 49257                 49463               182.830
     112                  1750                   408                   416                 21926                 22175               182.830
     113                  1728                  4075                  4089                 24082                 24322               153.741
     114                  1716                  3050                  3060                 45727                 45975               182.830
     115                  1712                  1744                  1775                 20465                 20660               108.711
     116                  1712                  4064                  4093                 38371                 38608               182.830
     117                  1675                  3626                  3634                 11196                 11463               182.830
     118                  1648                   991                  1010                 40155                 40404               182.830
     119                  1647                  4472                  4495                 44022                 44245               182.830
     120                  1643                  4393                  4411                 46027                 46241               182.830
     121                  1637                  3921                  3941                 25255                 25506               153.741
     122                  1625                  3046                  3056                  3323                  3571               182.830
     123                  1612                  2700                  2733                 22443                 22613               129.280
     124                  1606                  2716                  2751                 47295                 47508               182.830
     125                  1603                  3625                  3634                 13891                 14085                78.041
     126                  1590                  2024                  2030                 27192                 27433               182.830
     127                  1587                   719                   733                 11747                 11956               182.830
     128                  1586                   720                   733                  5862                  6072               153.741
     129                  1578                   342                   363                 16087                 16296               182.830
     130                  1559                  3012                  3030                 38435                 38633               182.830
     131                  1550                  3534                  3545                 40763                 40998               182.830
     132                  1539                  2293                  2301                  5339                  5546               153.741
     133                  1523                   936                   945                 21142                 21383               129.280
     134                  1523                   405                   416                 38584                 38785                95.226
     135                  1512                   936                   945                 27468                 27695               153.741
     136                  1503                  3022                  3061                 10013                 10169               182.830
     137                  1488                  1132                  1140                 39858                 40053               108.711
     138                  1487                   403                   416                 33576                 33820               182.830
     139                  1478                  4101                  4108                 39469                 39712               182.830
     140                  1474                  1669                  1677                 38713                 38938               182.830
     141                  1462                  3418                  3427                 23410                 23657               153.741
     142                  1459                  1475                  1483                 22118                 22331               108.711
     143                  1458                   400                   416                 45121                 45291                96.618
     144                  1441                  1475                  1483                 13386                 13589               129.280
     145                  1439                  1302                  1326                 13051                 13206               182.830
     146                  1432                  3754                  3766                 33732                 33925               182.830
     147                  1429                  1669                  1676                 16428                 16661               153.741
     148                  1423                   991                   998                 49054                 49280               153.741
     149                  1417                  1020                  1037                 33343                 33459               153.741
     150                  1416                  1750                  1775                  3357                  3510               182.830
     151                  1409                  1670                  1677                 48124                 48340               153.741
     152                  1376                  3579                  3618                  3342                  3507               182.830
     153                  1370                   278                   288                 47052                 47268               182.830
     154                  1361                  1338                  1347                     1                   169               182.830
     155                  1342                  2688                  2699                  8769                  8933               182.830
     156                  1341                  1132                  1140                  4245                  4469               129.280
     157                  1334                   990                   998                 17790                 17999               153.741
     158                  1331                  3051                  3060                  1964                  2171               182.830
     159                  1310                  1424                  1430                 47855                 48079               182.830
     160                  1309                  4182                  4209                 10043                 10208               182.830
     161                  1302                   727                   766                  5112                  5266               182.830
     162                  1299                   720                   729                  2272                  2477               182.830
     163                  1297                  1132                  1140                  2159                  2341                69.950
     164                  1292                  3810                  3827                 49736                 49909               182.830
     165                  1277                  4385                  4399                 25181                 25361               153.741
     166                  1275                  1742                  1776                 23526                 23664               129.280
     167                  1273                   276                   286                  8892                  9069               153.741
     168                  1268                   936                   945                 11097                 11293               153.741
     169                  1263                   700                   728                 31300                 31463               182.830
     170                  1261                  3025                  3061                  9812                  9968               182.830
     171                  1259                   991                   998                 26626                 26819               182.830
     172                  1255                  1803                  1826                 34994                 35180               182.830
     173                  1243                   278                   289                 16024                 16198               182.830
     174                  1235                  1669                  1677                 14443                 14633               182.830
     175                  1227                   989                   998                 21703                 21892               182.830
     176                  1226                  4391                  4414                 17460                 17660               108.711
     177                  1223                  1020                  1037                 32714                 32836               182.830
     178                  1217                  4393                  4414                   156                   320               182.830
     179                  1212                  4122                  4143                 20989                 21168               153.741
     180                  1198                  1028                  1037                 25442                 25616               182.830
     181                  1195                  1023                  1037                 42488                 42646               153.741
     182                  1192                  3990                  3999                 34191                 34378               129.280
     183                  1189                  1020                  1037                 18398                 18490                95.817
     184                  1186                  1709                  1720                  1159                  1329               182.830
     185                  1169                  1744                  1776                 20701                 20863               108.711
     186                  1158                  4132                  4143                  7734                  7908               182.830
     187                  1158                   697                   704                 12286                 12469               129.280
     188                  1149                  2181                  2192                 45825                 45996               153.741
     189                  1140                  2786                  2803                  1573                  1724               101.535
     190                  1135                  1475                  1483                 15254                 15425               182.830
     191                  1132                  3536                  3545                  2769                  2940               129.280
     192                  1132                   401                   412                 46187                 46378               182.830
     193                  1129                  1042                  1057                 13176                 13316               129.280
     194                  1116                  2733                  2755                 49577                 49734               182.830
     195                  1112                  2184                  2192                 25211                 25377               153.741
     196                  1107                   276                   288                  1810                  1975               182.830
     197                  1104                  3757                  3766                 39771                 39958               129.280
     198                  1097                  3052                  3080                 32784                 32961               182.830
     199                  1096                  4470                  4493                 48979                 49128               153.741
     200                  1093                  2357                  2396                 29915                 30076               182.830
     201                  1088                  1132                  1141                 37718                 37870               108.711
     202                  1079                  1705                  1748                 36739                 36864               182.830
     203                  1075                   932                   945                 26053                 26226               182.830
     204                  1075                  2972                  2978                 31124                 31306               153.741
     205                  1064                  1709                  1723                 49851                 50000               182.830
     206                  1058                   933                   945                 27300                 27443               129.280
     207                  1058                  2111                  2126                 29673                 29823               182.830
     208                  1058                  3753                  3762                 42025                 42195                66.004
     209                  1058                  1241                  1281                 45450                 45560               182.830
     210                  1054                  1786                  1806                 35317                 35460               182.830
     211                  1048                  4019                  4033                   917                  1042               153.741
     212                  1047                   408                   416                 39026                 39204               153.741
     213                  1042                  1130                  1141                 14894                 15022                85.196
     214                  1042                  4068                  4074                 21057                 21220               182.830
     215                  1037                  2642                  2651                   243                   397               182.830
     216                  1034                   887                   922                 37083                 37208               182.830
     217                  1032                  4133                  4143                  8282                  8443               108.711
     218                  1031                   401                   412                 35551                 35701               129.280
     219                  1027                  1131                  1139                 21508                 21671               108.711
     220                  1027                  4475                  4490                 26217                 26382               182.830
     221                  1022                  1228                  1239                  1372                  1509                71.228
     222                  1021                  1746                  1776                 47974                 48111               153.741
     223                  1018                   936                   945                  2868                  3041               153.741
     224                  1010                  4230                  4251                 40805                 40962               182.830
     225                  1007                  3577                  3595                  3356                  3492               153.741
     226                  1007                  2700                  2717                 22221                 22367               182.830
     227                  1006                  1669                  1677                 14643                 14794               129.280
     228                  1000                   990                   998                 49581                 49738               108.711
     229                   995                  3340                  3365                     1                   108                76.870
     230                   995                  2293                  2313                 16584                 16739               182.830
     231                   991                  4082                  4104                 41583                 41747               129.280
     232                   983                  1133                  1140                 26114                 26268               182.830
     233                   982                  1225                  1234                     4                   161               182.830
     234                   981                   695                   704                 14461                 14606               129.280
     235                   975                  1228                  1239                 49096                 49239               182.830
     236                   972                  3052                  3060                 12277                 12438               182.830
     237                   966                  1022                  1037                 33396                 33510               182.830
     238                   964                  3989                  3999                 20598                 20752               108.711
     239                   964                   887                   922                 37209                 37326               182.830
     240                   963                  3281                  3327                 22403                 22467               103.929
     241                   962                   724                   733                 21858                 22002               182.830
     242                   958                  2771                  2803                 22303                 22414               182.830
     243                   952                  1132                  1140                 10552                 10714               129.280
     244                   943                  3468                  3475                  1268                  1406                88.407
     245                   942                  2023                  2094                 49310                 49396               153.741
     246                   940                  1786                  1825                 35181                 35292               182.830
     247                   937                  3826                  3844                 23420                 23548               129.280
     248                   937                  4474                  4492                 40365                 40512               129.280
     249                   925                   602                   627                   550                   671               182.830
     250                   924                  1744                  1781                 28457                 28571               182.830
     251                   923                   556                   584                   567                   692               182.830
     252                   919                  3539                  3545                 41161                 41306               182.830
     253                   917                  2184                  2192                 35644                 35789               182.830
     254                   905                  4477                  4494                 34835                 34966               153.741
     255                   883                  2468                  2475                 23503                 23655               153.741
     256                   881                  3600                  3610                   821                   971               182.830
     257                   877                  2262                  2271                 13590                 13730               153.741
     258                   873                   511                   550                   411                   529               153.741
     259                   867                  1456                  1482                  1475                  1605               182.830
     260                   864                   278                   288                 20156                 20296               182.830
     261                   862                  1007                  1012                  2624                  2771               182.830
     262                   847                  1633                  1639                  6364                  6500               182.830
     263                   844                  1715                  1723                 33370                 33514               182.830
     264                   843                  2737                  2757                 20013                 20155               153.741
     265                   839                  4243                  4254                 21061                 21195               182.830
     266                   839                   697                   704                 41233                 41376               182.830
     267                   833                  2186                  2192                 12705                 12847               182.830
     268                   828                  4101                  4111                 40678                 40798               182.830
     269                   823                  1202                  1208                  4799                  4941               182.830
     270                   820                   278                   286                  2005                  2129               129.280
     271                   818                   724                   732                 11626                 11757               129.280
     272                   814                  1475                  1483                 27985                 28116                91.325
     273                   813                  3303                  3315                 10246                 10348               182.830
     274                   811                  1023                  1037                 12814                 12912               182.830
     275                   811                  4129                  4143                 43702                 43805                97.749
     276                   808                   936                   945                 23552                 23659                98.800
     277                   806                  1302                  1319                 49422                 49527               108.711
     278                   805                  1726                  1735                 35112                 35236               182.830
     279                   805                  2023                  2070                 49167                 49253               153.741
     280                   802                  1769                  1774                 17034                 17171               182.830
     281                   800                  1776                  1783                 48415                 48541                91.415
     282                   798                  3325                  3332                 25968                 26098               153.741
     283                   798                  4101                  4108                 47372                 47508               182.830
     284                   796                  4133                  4143                 21151                 21267               182.830
     285                   791                  1203                  1208                  5593                  5728               182.830
     286                   788                  2261                  2276                 34755                 34886               182.830
     287                   787                  2293                  2301                  5189                  5323               182.830
     288                   786                  1357                  1366                 13077                 13199               182.830
     289                   785                   657                   667                   478                   610               153.741
     290                   782                   884                   892                 29965                 30094               182.830
     291                   776                   721                   733                 34189                 34317               182.830
     292                   775                   225                   233                     1                   117               182.830
     293                   768                  1023                  1037                 18545                 18629               129.280
     294                   763                   936                   945                  7697                  7828               153.741
     295                   759                   724                   732                 14761                 14883               153.741
     296                   753                  4325                  4334                     1                   126               129.280
     297                   751                   258                   286                 48202                 48300               182.830
     298                   749                  1671                  1677                    61                   181                91.761
     299                   741                  4132                  4143                 43149                 43265               182.830
     300                   734                  4262                  4278                 38577                 38696               182.830
     301                   734                   976                   998                 45752                 45871                91.415
     302                   730                  2733                  2742                 41656                 41767               182.830
     303                   727                   907                   933                 49699                 49800               182.830
     304                   725                  1715                  1723                 33244                 33363               153.741
     305                   721                  4385                  4399                 45659                 45770               153.741
     306                   719                   408                   416                 21309                 21432               129.280
     307                   712                  2293                  2301                 47956                 48079               182.830
     308                   709                   241                   249                 44951                 45066               182.830
     309                   708                  1132                  1140                 19921                 20036               129.280
     310                   707                  3299                  3315                 26581                 26663               153.741
     311                   707                  2263                  2271                 34601                 34722               182.830
     312                   706                  1203                  1208                 42655                 42776               182.830
     313                   699                  1202                  1208                  5009                  5128               153.741
     314                   699                  2642                  2656                 49896                 50000               182.830
     315                   698                  3071                  3080                 33005                 33121               182.830
     316                   694                  3047                  3059                 49887                 50000               182.830
     317                   688                  1203                  1208                  3246                  3364               153.741
     318                   688                  1020                  1037                 18518                 18568                91.715
     319                   683                  3442                  3461                  9829                  9934               182.830
     320                   682                   697                   704                 32047                 32164               153.741
     321                   679                  1024                  1034                 25708                 25808               182.830
     322                   679                  1753                  1759                 40279                 40394               182.830
     323                   675                  4470                  4493                 27353                 27451               129.280
     324                   672                  2178                  2192                  3470                  3579               182.830
     325                   672                   720                   728                  5719                  5836               182.830
     326                   672                  2768                  2801                 30092                 30178               108.711
     327                   671                  1473                  1495                 32553                 32668               153.741
     328                   670                  3325                  3332                 26106                 26209               153.741
     329                   669                  1805                  1826                 41726                 41831               182.830
     330                   667                  2253                  2280                 48752                 48848               108.711
     331                   665                  4061                  4074                 41976                 42086               129.280
     332                   663                  1753                  1759                 49201                 49307               108.711
     333                   662                  1669                  1677                 38939                 39047               182.830
     334                   658                  1117                  1125                 12001                 12113               182.830
     335                   657                  1951                  1977                   561                   660               153.741
     336                   656                   743                   766                  5267                  5368               182.830
     337                   654                  4132                  4140                 34439                 34551               182.830
     338                   646                   724                   733                 36439                 36550               182.830
     339                   646                  4101                  4108                 47542                 47648               182.830
     340                   645                  1063                  1078                 46482                 46553                86.926
     341                   641                  3049                  3072                     1                    98               182.830
     342                   631                  3395                  3429                  3358                  3436               129.280
     343                   630                  1424                  1430                 47746                 47854               182.830
     344                   623                  4096                  4115                  3880                  3976               182.830
     345                   617                  3101                  3113                 11148                 11251               182.830
     346                   614                  4472                  4493                 11464                 11551                92.058
     347                   614                    98                   105                 12518                 12621               129.280
     348                   612                  1477                  1483                  7319                  7425                76.870
     349                   612                  1746                  1775                 22548                 22637               108.711
     350                   606                  2758                  2798                 22103                 22154                94.076
     351                   605                  1019                  1037                 25651                 25727                89.494
     352                   604                   697                   704                 30704                 30808               129.280
     353                   600                   278                   288                  6205                  6308               153.741
     354                   599                  4391                  4399                 16103                 16196                77.917
     355                   594                  1117                  1139                 12163                 12258               182.830
     356                   592                  2186                  2192                     1                    92               105.673
     357                   592                  1202                  1208                  5129                  5231               153.741
     358                   592                  3990                  3999                 43622                 43724               153.741
     359                   591                  3911                  3923                  4287                  4385               129.280
     360                   588                   408                   416                 40514                 40606                79.888
     361                   588                   697                   704                 47533                 47634               153.741
     362                   588                   401                   416                 49187                 49283               129.280
     363                   579                  4270                  4278                     1                    89               182.830
     364                   577                  3826                  3843                 23322                 23413               129.280
     365                   573                   406                   416                 16524                 16624               153.741
     366                   572                  2976                  3002                  1777                  1860               182.830
     367                   572                  2654                  2689                 24631                 24720               182.830
     368                   570                  4470                  4493                 48886                 48976               153.741
     369                   568                   280                   289                 25923                 26018               153.741
     370                   568                  1133                  1140                 32026                 32124               153.741
     371                   565                  4475                  4494                 34714                 34801               182.830
     372                   563                  2645                  2656                 25525                 25621               153.741
     373                   562                  1064                  1078                 17860                 17925                70.625
     374                   562                  3533                  3545                 41031                 41125               153.741
     375                   559                  3938                  3945                 32728                 32819               107.226
     376                   556                   726                   733                 22002                 22099               182.830
     377                   555                  4016                  4033                 11343                 11417               100.923
     378                   554                  4026                  4033                 11437                 11520                90.193
     379                   552                  1763                  1775                 26281                 26368               108.711
     380                   550                  4017                  4033                 11256                 11344               106.950
     381                   544                  2836                  2873                 24903                 24986               108.711
     382                   540                   281                   290                 30061                 30152               129.280
     383                   540                  1777                  1813                 36748                 36822               182.830
     384                   536                  3622                  3633                  8140                  8231               182.830
     385                   535                  2264                  2282                 21676                 21755                93.477
     386                   531                  1477                  1483                 12142                 12228               129.280
     387                   530                  1019                  1037                 25581                 25643                90.701
     388                   528                   278                   289                 10490                 10578               153.741
     389                   523                  2688                  2696                 10146                 10236               153.741
     390                   521                  1470                  1483                 25407                 25496               182.830
     391                   521                  3757                  3766                 39659                 39749               108.711
     392                   520                   225                   233                   140                   227               182.830
     393                   514                  3444                  3457                 10046                 10134               182.830
     394                   514                   720                   733                 20847                 20935               129.280
     395                   514                  3991                  3999                 33047                 33134                91.415
     396                   512                  2662                  2677                 22302                 22385               182.830
     397                   510                  4270                  4277                  9165                  9253               182.830
     398                   508                  1713                  1723                 40125                 40213               153.741
     399                   506                  3304                  3315                  6709                  6780               153.741
     400                   503                  1747                  1768                 40943                 41018               105.169
     401                   500                  4472                  4493                 11399                 11469                90.492
     402                   500                  2115                  2123                 22134                 22220               182.830
     403                   499                  3577                  3611                    18                    99               153.741
     404                   496                  3412                  3436                  3347                  3425               182.830
     405                   494                  3482                  3490                 33034                 33118               153.741
     406                   494                  1047                  1057                 41771                 41853               129.280
     407                   492                    98                   106                 31341                 31426               182.830
     408                   490                   282                   287                 10872                 10957               108.711
     409                   485                  1494                  1502                 34736                 34819               182.830
     410                   484                  3278                  3304                     2                    71               108.711
     411                   484                   937                   945                 45374                 45456               182.830
     412                   483                   722                   733                 38437                 38519               182.830
     413                   478                  1228                  1238                 49330                 49412               182.830
     414                   476                  3967                  3980                  8318                  8399               182.830
     415                   471                  2688                  2699                  8667                  8736               182.830
     416                   467                  1709                  1720                 40844                 40923               129.280
     417                   461                  2638                  2649                 25380                 25460               153.741
     418                   461                  1023                  1037                 25519                 25598               153.741
     419                   460                  3535                  3545                 41379                 41451                91.311
     420                   459                  1278                  1299                  1095                  1168               129.280
     421                   459                  3051                  3060                  4507                  4583                92.960
     422                   457                  1787                  1801                 33531                 33597                91.415
     423                   455                  4066                  4074                 41885                 41964               129.280
     424                   455                  1746                  1776                 48108                 48177               153.741
     425                   454                   281                   290                 30163                 30242               129.280
     426                   453                  3470                  3477                 22891                 22969               153.741
     427                   450                   405                   415                 29094                 29172               182.830
     428                   450                  2264                  2271                 35972                 36050               182.830
     429                   448                  4408                  4414                   321                   399               182.830
     430                   448                  1473                  1483                 44007                 44085               182.830
     431                   447                  2344                  2368                 45566                 45636               153.741
     432                   446                  2769                  2801                 33734                 33786               182.830
     433                   445                  2022                  2030                 28476                 28553               108.711
     434                   443                  1750                  1777                  3507                  3583               182.830
     435                   441                  4303                  4314                  1446                  1522                54.449
     436                   440                  4483                  4492                 40268                 40344               129.280
     437                   438                  3938                  3945                 32642                 32715               108.711
     438                   437                  1424                  1430                 28038                 28114               153.741
     439                   437                  4066                  4074                 38973                 39049               182.830
     440                   436                  1709                  1719                 10147                 10223               153.741
     441                   436                  3628                  3634                 13731                 13804               182.830
     442                   436                  1788                  1801                 33607                 33675                92.922
     443                   436                  1065                  1072                 46608                 46684               129.280
     444                   435                   724                   732                 13700                 13776               129.280
     445                   434                  1951                  1977                   466                   539               153.741
     446                   433                  4303                  4314                   528                   602                64.219
     447                   431                  1133                  1140                 16287                 16362                76.870
     448                   431                  4385                  4399                 35148                 35223                89.323
     449                   427                  4304                  4314                 49678                 49747                76.870
     450                   424                  1063                  1078                 46579                 46626                71.584
     451                   423                  3990                  3999                  2295                  2369               153.741
     452                   421                  4101                  4111                 36199                 36273               182.830
     453                   418                   405                   413                 16405                 16478               182.830
     454                   418                  1064                  1078                 17786                 17843                63.067
     455                   418                   279                   289                 25815                 25887               129.280
     456                   415                  4002                  4015                 22402                 22472               108.711
     457                   413                  1302                  1319                  4288                  4360               153.741
     458                   413                  1303                  1325                 12939                 13010               182.830
     459                   412                  1769                  1774                 16962                 17033               182.830
     460                   412                   721                   733                 38095                 38167               153.741
     461                   411                  1752                  1759                  6196                  6268               129.280
     462                   407                  3447                  3457                 10226                 10296               182.830
     463                   403                   724                   732                 13793                 13864               129.280
     464                   402                  1472                  1483                 42601                 42672               129.280
     465                   400                  2662                  2677                 22233                 22298               182.830
     466                   397                  2976                  3002                  1664                  1726               182.830
     467                   396                  4477                  4494                 34765                 34834               153.741
     468                   395                  3349                  3361                   149                   207                91.415
     469                   395                  2005                  2028                 38438                 38505               153.741
     470                   394                  3600                  3624                  3666                  3732               129.280
     471                   393                   697                   704                 38436                 38503                65.045
     472                   392                  4472                  4495                 34115                 34174               108.711
     473                   391                  1727                  1735                 36756                 36824               153.741
     474                   390                    98                   104                 36772                 36840               182.830
     475                   389                   279                   289                 25739                 25807               129.280
     476                   388                   724                   733                 15174                 15243               153.741
     477                   387                  1709                  1720                 31241                 31303               129.280
     478                   387                   969                   997                 49429                 49484               153.741
     479                   383                  4129                  4143                  2579                  2642                72.527
     480                   383                    98                   104                 36906                 36973               182.830
     481                   382                  1132                  1140                 37648                 37715               129.280
     482                   382                  4135                  4143                 39558                 39625               182.830
     483                   380                  4024                  4033                   822                   882               153.741
     484                   380                  1132                  1140                 20023                 20091               108.711
     485                   379                   392                   412                 24265                 24332                76.515
     486                   378                   401                   416                 49284                 49348               129.280
     487                   377                   762                   769                  6673                  6739               129.280
     488                   377                  4391                  4396                 26165                 26231               182.830
     489                   377                  4472                  4482                 44276                 44343               153.741
     490                   376                   241                   249                 12180                 12246               182.830
     491                   376                  3758                  3766                 34496                 34561               129.280
     492                   375                   936                   945                 23487                 23551                93.490
     493                   375                  1024                  1032                 42337                 42391                64.640
     494                   370                  4022                  4027                 11206                 11271               182.830
     495                   368                  1473                  1483                 27928                 27991                80.072
     496                   364                  4393                  4399                 45842                 45906               182.830
     497                   359                  2022                  2028                 38565                 38628               153.741
     498                   358                   657                   667                   374                   437               182.830
     499                   358                   276                   283                 35404                 35467               129.280
     500                   357                  3628                  3633                 10578                 10639                91.415
     501                   356                  1467                  1476                 14535                 14599               129.280
     502                   355                   406                   416                  7153                  7212                79.247
     503                   355                  2184                  2192                 35547                 35609               182.830
     504                   354                  1203                  1208                  6250                  6312               153.741
     505                   354                  1477                  1483                 15582                 15644               153.741
     506                   353                  3104                  3113                  4376                  4440                76.870
     507                   352                  2876                  2901                   274                   333               182.830
     508                   352                   225                   233                 31357                 31419               182.830
     509                   352                   936                   945                 44169                 44231               182.830
     510                   349                  3449                  3456                 17634                 17695               182.830
     511                   349                   402                   416                 22339                 22395                83.510
     512                   348                  2688                  2696                 10078                 10139               153.741
     513                   348                   700                   723                 11567                 11622               182.830
     514                   345                  3052                  3060                 12477                 12541               153.741
     515                   344                  1023                  1037                 25679                 25743               129.280
     516                   341                   698                   704                 15732                 15792                76.870
     517                   340                  1203                  1208                 25811                 25871               182.830
     518                   337                   936                   945                  3042                  3101               153.741
     519                   336                  1024                  1037                 12877                 12930               129.280
     520                   335                  1132                  1140                 48230                 48289               129.280
     521                   331                  1299                  1329                 26422                 26482               182.830
     522                   327                  1805                  1826                 41603                 41662               182.830
     523                   323                  3306                  3315                 19423                 19475               182.830
     524                   322                  2293                  2301                  9965                 10022               182.830
     525                   319                  1475                  1483                 22359                 22416               108.711
     526                   319                  2640                  2656                 25658                 25713               153.741
     527                   318                   995                  1013                 37830                 37886               108.711
     528                   317                  2293                  2298                 10376                 10432               129.280
     529                   317                   241                   249                 11335                 11391               182.830
     530                   317                  3051                  3060                 11893                 11949               182.830
     531                   315                  2666                  2689                  9444                  9496                74.687
     532                   314                  4391                  4399                  8466                  8524               182.830
     533                   313                  3989                  3999                 20767                 20822               108.711
     534                   312                   722                   733                 38323                 38380               182.830
     535                   310                  4243                  4251                 40711                 40766               182.830
     536                   309                  4129                  4143                 43803                 43856                94.046
     537                   307                  1047                  1057                     1                    50               182.830
     538                   307                   798                   806                  3594                  3651                65.357
     539                   306                  2024                  2030                 45450                 45504               153.741
     540                   306                   990                   998                 49494                 49548               108.711
     541                   305                  3864                  3890                  7504                  7545                64.640
     542                   302                  1047                  1057                 41830                 41887               153.741
     543                   298                  1290                  1296                  1538                  1590               182.830
     544                   298                  4391                  4399                  8400                  8454               182.830
     545                   295                  1532                  1541                  7029                  7086                75.751
     546                   295                   969                   983                 49532                 49584               153.741
     547                   294                  3104                  3113                  4461                  4511                66.036
     548                   294                   282                   290                 25254                 25306               108.711
     549                   291                  1472                  1480                 14996                 15046                92.663
     550                   291                  4101                  4111                 40466                 40517                45.707
     551                   287                  1798                  1806                 44978                 45027               105.999
     552                   286                  1494                  1502                 34631                 34682               182.830
     553                   286                   554                   570                 49951                 50000               182.830
     554                   281                  4135                  4143                 25881                 25931                76.305
     555                   280                  3051                  3060                  4601                  4650                93.700
     556                   280                  1669                  1676                 35820                 35869               182.830
     557                   279                  2688                  2696                  4896                  4945                91.415
     558                   279                  1357                  1369                 26604                 26656               182.830
     559                   277                  2264                  2271                 35916                 35964               182.830
     560                   277                  1753                  1759                 49324                 49373               108.711
     561                   276                   936                   945                 28226                 28277                91.415
     562                   276                   721                   728                 34140                 34189               182.830
     563                   276                   724                   733                 44695                 44744               108.711
     564                   275                  3478                  3490                 45776                 45814                65.707
     565                   269                  2344                  2349                 45843                 45890               153.741
     566                   266                  3990                  3998                  1935                  1983               108.711
     567                   266                  3470                  3475                 22964                 23011               182.830
     568                   265                   373                   380                 19636                 19688                54.192
     569                   265                  4135                  4143                 26390                 26437               153.741
     570                   263                  4475                  4488                 24988                 25033               182.830
     571                   262                   697                   704                 22933                 22979                69.308
     572                   256                   278                   289                 15946                 15991               182.830
     573                   255                  4304                  4314                 49618                 49662                80.236
     574                   254                  1777                  1783                 42220                 42264               182.830
     575                   254                  3990                  3999                 43577                 43621               153.741
     576                   250                  1278                  1317                  1017                  1054               108.711
     577                   246                   241                   249                  9685                  9728               182.830
     578                   245                  1472                  1483                 42559                 42601               129.280
     579                   244                   278                   289                 43749                 43791               182.830
     580                   242                  1424                  1430                  4439                  4481               182.830
     581                   241                  4002                  4014                 22503                 22546               108.711
     582                   240                  2261                  2280                 48711                 48751               107.054
     583                   238                  1764                  1777                  3580                  3621               182.830
     584                   238                   993                   998                 42788                 42829               108.420
     585                   236                  4129                  4143                  2510                  2549                76.767
     586                   236                   697                   704                 30871                 30912               129.280
     587                   234                  3071                  3079                 32964                 33004               182.830
     588                   232                  2120                  2126                  4991                  5031               129.280
     589                   231                  2266                  2280                  6809                  6849               129.280
     590                   229                   993                   998                 42840                 42880               108.711
     591                   229                   258                   286                 48072                 48111               182.830
     592                   227                  4470                  4482                 27289                 27328               129.280
     593                   227                  4387                  4392                 46464                 46503                88.467
     594                   226                  1798                  1806                 44950                 44988                95.777
     595                   225                  3539                  3545                 28123                 28162               129.280
     596                   224                  2733                  2742                 41616                 41655               182.830
     597                   223                   408                   416                  7318                  7354                61.170
     598                   223                  2344                  2368                 45532                 45570               153.741
     599                   221                  4115                  4144                  3369                  3407               153.741
     600                   221                  4475                  4495                 31836                 31874               108.711
     601                   221                  4472                  4482                 44388                 44426               153.741
