Res	CDM	  
634	0.6156
635	0.5516
636	0.4679
637	0.4613
638	0.4448
639	0.4847
640	0.5078
641	0.4685
642	0.5317
643	0.5259
644	0.4977
645	0.4906
646	0.5184
647	0.4993
648	0.5193
649	0.5409
650	0.5741
651	0.6684
652	0.7286
653	0.8391
654	0.7835
655	0.7071
656	0.722	
657	0.656	
658	0.6861
659	0.6137
660	0.4973
661	0.4888
662	0.4832
663	0.525	
664	0.5792
665	0.7273
666	0.7295
667	0.7678
668	0.8084
669	0.6742
670	0.6151
671	0.7127
672	0.6417
673	0.622	
674	0.6861
675	0.7496
676	0.7024
677	0.7025
678	0.9972
679	1.3896
680	0.9982
681	0.6011
682	0.6389
683	0.571	
684	0.6279
685	0.7258
686	0.7104
687	0.692	
688	0.8311
689	0.8721
690	0.79	
691	1.0116
692	0.9891
693	1.111	
694	1.0823
695	0.9675
696	1.2392
697	1.1281
698	1.0388
699	1.0852
700	1.0344
701	0.6457
702	0.5752
703	0.5257
704	0.4944
705	0.5283
706	0.6615
707	0.6787
708	0.7216
709	0.8084
710	1.0703
711	1.242	
712	1.2259
713	1.116	
714	1.1456
715	1.3537
716	1.1212
717	1.3174
718	1.5988
719	1.7909
720	1.7384
721	1.1212
722	1.3332
723	1.0752
724	1.1193
725	1.1961
726	1.2911
727	1.1034
728	1.0243
729	0.9868
730	0.8151
731	0.7888
732	0.8278
733	0.7835
734	0.7257
735	0.7815
736	0.8158
737	0.7313
738	0.7401
739	0.9881
740	0.9755
741	0.7784
742	0.9128
743	1.108	
744	1.8104
745	2.4735
746	2.6004
747	1.6965
748	1.4388
749	1.0251
750	0.8595
751	0.7019
752	0.6123
753	0.5762
754	0.5658
755	0.5608
756	0.6047
757	0.65	
758	0.8463
759	0.8738
760	1.0716
761	1.0456
762	1.1975
763	1.2601
764	1.2153
765	1.0377
766	0.9429
767	1.0408
768	0.9793
769	0.8397
770	0.8781
771	0.9851
772	0.9296
773	0.8684
774	0.9918
775	0.9844
776	0.9867
777	0.8093
778	0.7543
779	0.7377
780	0.694	
781	0.7254
782	0.8554
783	0.6865
784	0.865	
785	0.8508
786	0.7497
787	0.6762
788	0.6665
789	0.7498
790	0.7653
791	0.7183
792	0.6446
793	0.6391
794	0.6048
795	0.625	
796	0.6346
797	0.7264
798	0.7762
799	0.9848
800	1.357	
801	0.9827
802	1.1655
803	1.0664
804	1.1711
805	1.0572
806	1.6779
807	1.7288
808	1.9689
809	2.5409
810	2.5854
811	1.7247
812	1.7791
813	1.2333
814	0.9696
815	0.7251
816	0.8944
817	1.0269
818	0.8312
819	0.8022
820	1.1053
821	1.4135
822	1.403	
823	1.0598
824	1.079	
825	1.0954
826	1.3641
827	1.1107
828	0.969	
829	0.7901
830	0.8668
831	1.443	
832	1.5402
833	2.2913
834	2.3723
835	3.8379
836	5.4275
837	4.5208
838	3.9009
839	4.0369
840	4.0731
841	3.2482
842	3.4072
843	3.1309
844	2.5424
845	2.1225
846	2.2327
847	1.9988
848	1.4425
849	1.1404
850	1.0014
851	1.2369
852	1.5347
853	2.1304
854	2.1801
855	1.836	
856	1.5337
857	1.3617
858	1.2602
859	1.0226
860	1.062	
861	0.9256
862	0.9084
863	0.6235
864	0.6206
865	0.6741
866	0.7182
867	0.7109
868	0.6471
869	0.7055
870	0.6596
871	0.8097
872	0.9633
873	0.8695
874	0.7549
875	0.7555
876	1.0238
877	1.056	
878	1.2924
879	1.4248
880	1.1152
881	1.0967
882	1.0086
883	1.0422
884	0.871	
885	1.0319
886	1.0252
887	1.1554
888	1.0386
889	0.8437
890	0.856	
891	0.7415
892	0.6446
893	0.5945
894	0.6292
895	0.5778
896	0.6488
897	0.596	
898	0.5521
899	0.6083
900	0.6898
901	0.6571
902	0.6307
903	0.7417
904	0.8118
905	0.7468
906	0.8256
907	0.9282
908	0.8093
909	0.7539
910	0.8293
911	0.9196
912	1.529	
