#Res        AtomicFlx
   1.000       8.3387
   2.000       7.4483
   3.000       6.5013
   4.000       6.1075
   5.000       6.6257
   6.000       5.5812
   7.000       4.9404
   8.000       5.0065
   9.000       4.0772
  10.000       3.2586
  11.000       2.5933
  12.000       1.9684
  13.000       1.4183
  14.000       1.0966
  15.000       1.0429
  16.000       0.9142
  17.000       0.8763
  18.000       1.0342
  19.000       1.0715
  20.000       1.2472
  21.000       1.0444
  22.000       0.7839
  23.000       0.7297
  24.000       0.6021
  25.000       0.4994
  26.000       0.4680
  27.000       0.4092
  28.000       0.4193
  29.000       0.3915
  30.000       0.4248
  31.000       0.4395
  32.000       0.4136
  33.000       0.4837
  34.000       0.5035
  35.000       0.4522
  36.000       0.4367
  37.000       0.4545
  38.000       0.4293
  39.000       0.4535
  40.000       0.4869
  41.000       0.4968
  42.000       0.5901
  43.000       0.6659
  44.000       0.6371
  45.000       0.6769
  46.000       0.5963
  47.000       0.6097
  48.000       0.5555
  49.000       0.5856
  50.000       0.5311
  51.000       0.4383
  52.000       0.4657
  53.000       0.4635
  54.000       0.4766
  55.000       0.5091
  56.000       0.6331
  57.000       0.6676
  58.000       0.7167
  59.000       0.7865
  60.000       0.6822
  61.000       0.5968
  62.000       0.6194
  63.000       0.5552
  64.000       0.5931
  65.000       0.6417
  66.000       0.6396
  67.000       0.5693
  68.000       0.5603
  69.000       0.7193
  70.000       0.7281
  71.000       0.7135
  72.000       0.5043
  73.000       0.5359
  74.000       0.5428
  75.000       0.6158
  76.000       0.7358
  77.000       0.6152
  78.000       0.5991
  79.000       0.7207
  80.000       0.7872
  81.000       0.7064
  82.000       0.8721
  83.000       0.9138
  84.000       0.9423
  85.000       0.8177
  86.000       0.8451
  87.000       1.0152
  88.000       0.9909
  89.000       0.8907
  90.000       0.9232
  91.000       0.8986
  92.000       0.5512
  93.000       0.4798
  94.000       0.4497
  95.000       0.4351
  96.000       0.4871
  97.000       0.5952
  98.000       0.5831
  99.000       0.6162
 100.000       0.6594
 101.000       0.6995
 102.000       0.8707
 103.000       0.8720
 104.000       0.7962
 105.000       0.8352
 106.000       1.0155
 107.000       1.1980
 108.000       1.1918
 109.000       1.4107
 110.000       1.3558
 111.000       1.0534
 112.000       1.1084
 113.000       0.9180
 114.000       0.7848
 115.000       0.8967
 116.000       0.9522
 117.000       0.9637
 118.000       0.8117
 119.000       0.7750
 120.000       0.7552
 121.000       0.6238
 122.000       0.5896
 123.000       0.6302
 124.000       0.6238
 125.000       0.5783
 126.000       0.6015
 127.000       0.6326
 128.000       0.6020
 129.000       0.6005
 130.000       0.7139
 131.000       0.7598
 132.000       0.7142
 133.000       0.8822
 134.000       1.0301
 135.000       1.6923
 136.000       2.3392
 137.000       2.4118
 138.000       1.6596
 139.000       1.3873
 140.000       0.9346
 141.000       0.7651
 142.000       0.6062
 143.000       0.5183
 144.000       0.4985
 145.000       0.4992
 146.000       0.4768
 147.000       0.5126
 148.000       0.5413
 149.000       0.6617
 150.000       0.7286
 151.000       0.8519
 152.000       0.8341
 153.000       0.8894
 154.000       0.9674
 155.000       0.9524
 156.000       0.8020
 157.000       0.7480
 158.000       0.8258
 159.000       0.7872
 160.000       0.6599
 161.000       0.7100
 162.000       0.8129
 163.000       0.7453
 164.000       0.7041
 165.000       0.8246
 166.000       0.8297
 167.000       0.8374
 168.000       0.7353
 169.000       0.7144
 170.000       0.7014
 171.000       0.6613
 172.000       0.6728
 173.000       0.6356
 174.000       0.7044
 175.000       0.8767
 176.000       0.8639
 177.000       0.8436
 178.000       0.8366
 179.000       0.8432
 180.000       0.7497
 181.000       0.6577
 182.000       0.6187
 183.000       0.5816
 184.000       0.5889
 185.000       0.5690
 186.000       0.5488
 187.000       0.5562
 188.000       0.6162
 189.000       0.6892
 190.000       0.9130
 191.000       1.0629
 192.000       0.9132
 193.000       1.1290
 194.000       1.0413
 195.000       1.2614
 196.000       1.1124
 197.000       1.7150
 198.000       1.9732
 199.000       2.7632
 200.000       3.3788
 201.000       3.1849
 202.000       2.3079
 203.000       2.8666
 204.000       1.3047
 205.000       1.0293
 206.000       0.8199
 207.000       1.1406
 208.000       1.4172
 209.000       1.3051
 210.000       1.2450
 211.000       2.0567
 212.000       2.3609
 213.000       2.2368
 214.000       1.2456
 215.000       1.2328
 216.000       1.0160
 217.000       1.2600
 218.000       1.1580
 219.000       1.0912
 220.000       0.9540
 221.000       1.2213
 222.000       1.3951
 223.000       1.5895
 224.000       2.7746
 225.000       2.9191
 226.000       3.0070
 227.000       3.8274
 228.000       3.6295
 229.000       3.5914
 230.000       5.0321
 231.000       3.9111
 232.000       4.5085
 233.000       4.3014
 234.000       4.7324
 235.000       3.1598
 236.000       2.7964
 237.000       1.7736
 238.000       2.1032
 239.000       1.5926
 240.000       1.1707
 241.000       0.9808
 242.000       1.3420
 243.000       1.6623
 244.000       2.2709
 245.000       2.3689
 246.000       2.0075
 247.000       1.6369
 248.000       1.3275
 249.000       1.2352
 250.000       0.9919
 251.000       1.2573
 252.000       2.0797
 253.000       2.0568
 254.000       1.0593
 255.000       1.0462
 256.000       0.6175
 257.000       0.6774
 258.000       0.6988
 259.000       0.6507
 260.000       0.6307
 261.000       0.5806
 262.000       0.7348
 263.000       1.1154
 264.000       0.7267
 265.000       0.5822
 266.000       0.6047
 267.000       0.8049
 268.000       0.7976
 269.000       1.8407
 270.000       2.1649
 271.000       1.7992
 272.000       1.7703
 273.000       1.6273
 274.000       1.5975
 275.000       1.4198
 276.000       1.0201
 277.000       0.9871
 278.000       1.0314
 279.000       0.8263
 280.000       0.6510
 281.000       0.7236
 282.000       0.6530
 283.000       0.5848
 284.000       0.5475
 285.000       0.5898
 286.000       0.5278
 287.000       0.5938
 288.000       0.5670
 289.000       0.5241
 290.000       0.5531
 291.000       0.6122
 292.000       0.5794
 293.000       0.5600
 294.000       0.6682
 295.000       0.7251
 296.000       0.6283
 297.000       0.6891
 298.000       0.7433
 299.000       0.6514
 300.000       0.6167
 301.000       0.6980
 302.000       0.7971
 303.000       1.4971
 304.000       0.4820
