#Res        AtomicFlx
   1.000       4.2246
   2.000       2.5383
   3.000       1.9557
   4.000       2.1725
   5.000       2.5259
   6.000       2.2915
   7.000       2.0879
   8.000       2.5513
   9.000       2.6349
  10.000       2.3337
  11.000       2.5984
  12.000       3.0183
  13.000       2.9130
  14.000       2.9739
  15.000       2.5543
  16.000       2.3557
  17.000       1.8837
  18.000       1.9238
  19.000       2.0459
  20.000       1.6643
  21.000       1.2513
  22.000       1.0540
  23.000       0.8579
  24.000       1.1692
  25.000       1.4798
  26.000       1.5981
  27.000       1.9091
  28.000       1.8581
  29.000       1.6853
  30.000       1.8511
  31.000       1.8115
  32.000       1.7347
  33.000       1.3964
  34.000       1.6397
  35.000       1.4744
  36.000       1.3812
  37.000       1.6169
  38.000       1.4807
  39.000       1.4829
  40.000       1.2540
  41.000       1.3225
  42.000       1.4915
  43.000       1.3246
  44.000       1.0302
  45.000       1.2950
  46.000       1.4480
  47.000       1.2734
  48.000       1.3088
  49.000       1.7013
  50.000       1.7054
  51.000       1.5337
  52.000       1.4439
  53.000       1.3412
  54.000       1.2141
  55.000       1.2209
  56.000       1.2812
  57.000       1.4327
  58.000       1.4487
  59.000       1.4472
  60.000       1.4779
  61.000       1.4136
  62.000       1.3021
  63.000       1.1455
  64.000       0.7958
  65.000       0.7855
  66.000       0.7170
  67.000       0.8476
  68.000       1.0766
  69.000       1.7557
  70.000       2.6462
  71.000       2.4354
  72.000       1.9425
  73.000       1.4690
  74.000       1.4954
  75.000       1.2571
  76.000       1.3271
  77.000       1.6911
  78.000       1.8593
  79.000       2.1176
  80.000       2.2639
  81.000       1.7804
  82.000       1.5286
  83.000       1.2357
  84.000       0.9982
  85.000       0.8567
  86.000       1.0379
  87.000       1.3770
  88.000       1.3556
  89.000       1.0801
  90.000       1.3349
  91.000       1.6196
  92.000       1.5642
  93.000       1.3871
  94.000       1.4661
  95.000       2.1908
  96.000       2.5244
  97.000       2.9731
  98.000       3.4820
  99.000       4.0695
 100.000       3.3530
 101.000       3.2966
 102.000       3.3734
 103.000       4.7460
 104.000       5.1567
 105.000       3.6550
 106.000       2.9582
 107.000       2.5011
 108.000       1.9406
 109.000       2.0247
 110.000       1.4047
 111.000       1.3742
 112.000       1.5567
 113.000       1.7786
 114.000       2.0053
 115.000       2.3313
 116.000       2.1911
 117.000       2.0387
 118.000       1.8600
 119.000       1.6613
 120.000       1.8089
 121.000       1.7263
 122.000       1.3902
 123.000       1.6137
 124.000       1.6379
 125.000       1.9526
 126.000       2.3989
 127.000       2.4615
 128.000       2.0471
 129.000       2.3407
 130.000       2.6000
 131.000       2.2202
 132.000       2.0508
 133.000       2.5138
 134.000       2.6285
 135.000       2.3699
 136.000       2.6641
 137.000       3.2993
 138.000       4.4503
 139.000       3.6656
 140.000       4.3277
 141.000       3.6719
 142.000       2.9497
 143.000       3.1097
 144.000       2.3521
 145.000       2.1172
 146.000       1.8188
 147.000       1.4205
 148.000       1.6615
 149.000       1.5890
 150.000       1.3224
 151.000       1.3726
 152.000       1.3568
 153.000       1.3538
 154.000       1.5955
 155.000       1.7110
 156.000       1.8699
 157.000       1.6944
 158.000       1.3582
 159.000       1.2462
 160.000       1.1171
 161.000       0.9122
 162.000       0.8105
 163.000       0.6609
 164.000       0.5671
 165.000       0.4975
 166.000       0.4762
 167.000       0.4766
 168.000       0.4845
 169.000       0.5288
 170.000       0.5940
 171.000       0.6348
 172.000       0.6135
 173.000       0.6785
 174.000       0.7551
 175.000       0.7929
 176.000       0.8236
 177.000       0.8938
 178.000       1.0439
 179.000       1.0996
 180.000       1.1227
 181.000       1.2321
 182.000       1.1119
 183.000       1.1590
 184.000       1.0363
 185.000       1.0828
 186.000       0.9749
 187.000       0.7996
 188.000       0.7367
 189.000       0.6686
 190.000       0.6336
 191.000       0.6528
 192.000       0.8348
 193.000       0.8312
 194.000       0.9608
 195.000       0.9394
 196.000       0.7578
 197.000       0.8110
 198.000       0.9728
 199.000       0.8510
 200.000       0.8715
 201.000       1.0337
 202.000       1.0929
 203.000       0.9986
 204.000       1.0375
 205.000       1.5144
 206.000       2.3892
 207.000       1.6714
 208.000       1.0602
 209.000       1.0651
 210.000       0.8732
 211.000       0.9243
 212.000       0.9370
 213.000       0.8460
 214.000       0.7501
 215.000       0.9375
 216.000       1.0666
 217.000       0.9500
 218.000       1.1727
 219.000       1.2701
 220.000       1.3302
 221.000       1.2129
 222.000       1.1731
 223.000       1.4692
 224.000       1.5494
 225.000       1.3657
 226.000       1.3702
 227.000       1.2760
 228.000       0.7527
 229.000       0.7245
 230.000       0.6379
 231.000       0.5321
 232.000       0.5415
 233.000       0.6523
 234.000       0.6526
 235.000       0.6867
 236.000       0.7497
 237.000       0.8377
 238.000       0.9709
 239.000       1.0339
 240.000       0.9799
 241.000       1.0349
 242.000       1.2195
 243.000       1.2680
 244.000       1.2731
 245.000       1.5622
 246.000       1.4948
 247.000       1.2540
 248.000       1.3477
 249.000       1.1911
 250.000       1.0310
 251.000       1.1599
 252.000       1.2068
 253.000       1.1584
 254.000       0.9548
 255.000       0.9572
 256.000       0.9617
 257.000       0.7730
 258.000       0.7350
 259.000       0.7860
 260.000       0.7478
 261.000       0.6508
 262.000       0.6918
 263.000       0.7567
 264.000       0.6716
 265.000       0.6589
 266.000       0.8267
 267.000       0.9761
 268.000       0.8357
 269.000       1.0261
 270.000       1.3318
 271.000       1.9075
 272.000       2.4691
 273.000       2.4540
 274.000       1.7315
 275.000       1.6245
 276.000       1.2006
 277.000       1.0029
 278.000       0.8065
 279.000       0.7141
 280.000       0.6211
 281.000       0.6107
 282.000       0.5707
 283.000       0.6204
 284.000       0.6824
 285.000       0.8320
 286.000       1.0355
 287.000       1.1014
 288.000       1.0466
 289.000       1.1654
 290.000       1.2852
 291.000       1.2950
 292.000       1.0953
 293.000       1.0528
 294.000       1.1663
 295.000       1.0949
 296.000       0.9151
 297.000       0.9849
 298.000       1.0741
 299.000       0.9614
 300.000       0.8867
 301.000       1.0080
 302.000       1.0309
 303.000       1.1767
 304.000       1.0045
 305.000       1.0550
 306.000       1.0574
 307.000       1.0281
 308.000       1.0430
 309.000       0.9276
 310.000       1.0333
 311.000       1.2019
 312.000       1.0887
 313.000       1.0153
 314.000       0.9455
 315.000       0.9514
 316.000       0.9534
 317.000       0.8472
 318.000       0.9556
 319.000       0.8390
 320.000       0.8307
 321.000       0.7605
 322.000       0.7470
 323.000       0.7468
 324.000       0.9112
 325.000       1.0067
 326.000       1.3167
 327.000       1.9756
 328.000       1.2129
 329.000       1.7706
 330.000       1.7669
 331.000       1.6525
 332.000       1.2988
 333.000       1.6199
 334.000       1.9714
 335.000       2.0749
 336.000       2.1477
 337.000       1.9438
 338.000       1.5262
 339.000       1.2825
 340.000       1.2568
 341.000       1.2240
 342.000       1.0378
 343.000       1.1737
 344.000       1.2223
 345.000       0.9785
 346.000       0.9799
 347.000       1.1527
 348.000       1.4611
 349.000       1.4879
 350.000       1.2052
 351.000       1.2867
 352.000       1.2583
 353.000       1.5661
 354.000       1.4538
 355.000       1.3490
 356.000       1.1257
 357.000       1.0177
 358.000       1.0055
 359.000       1.3135
 360.000       1.5204
 361.000       1.8766
 362.000       2.3721
 363.000       2.4019
 364.000       3.0090
 365.000       3.1280
 366.000       2.4594
 367.000       2.6816
 368.000       2.8006
 369.000       3.3068
 370.000       3.5329
 371.000       2.5686
 372.000       2.2159
 373.000       2.3170
 374.000       2.1286
 375.000       1.5027
 376.000       1.2801
 377.000       1.1744
 378.000       1.3817
 379.000       1.5001
 380.000       1.8754
 381.000       2.0724
 382.000       1.7666
 383.000       1.5579
 384.000       1.3432
 385.000       1.2515
 386.000       0.9905
 387.000       1.0021
 388.000       0.9841
 389.000       0.9884
 390.000       0.8072
 391.000       0.7447
 392.000       0.7756
 393.000       0.8566
 394.000       0.7991
 395.000       0.7372
 396.000       0.8434
 397.000       0.8122
 398.000       1.0094
 399.000       1.1502
 400.000       1.0604
 401.000       0.9041
 402.000       0.8380
 403.000       1.0392
 404.000       1.2237
 405.000       1.7047
 406.000       1.7971
 407.000       1.4833
 408.000       1.4496
 409.000       1.3803
 410.000       1.3826
 411.000       1.1435
 412.000       0.9107
 413.000       0.9805
 414.000       1.0087
 415.000       0.7587
 416.000       0.6907
 417.000       0.8590
 418.000       0.7288
 419.000       0.5893
 420.000       0.6051
 421.000       0.6841
 422.000       0.7170
 423.000       0.8691
 424.000       0.8229
 425.000       0.7596
 426.000       0.8902
 427.000       1.0002
 428.000       0.9450
 429.000       0.9230
 430.000       1.1104
 431.000       1.1733
 432.000       1.0434
 433.000       1.2126
 434.000       1.2854
 435.000       1.1251
 436.000       1.1100
 437.000       1.2758
 438.000       1.3771
 439.000       1.9095
 443.000       0.6090
