#Cluster WAVELET_00006[points] WAVELET_00006[minatm] WAVELET_00006[maxatm] WAVELET_00006[minfrm] WAVELET_00006[maxfrm] WAVELET_00006[avgval]
       0                 10013                  1329                  1370                 15239                 15887               182.830
       1                  8790                  1744                  1785                 41673                 42014               129.280
       2                  8554                  2815                  2853                  1275                  1835               182.830
       3                  7554                  2768                  2814                  1405                  1724               107.573
       4                  7504                  1742                  1776                 31746                 32253               153.741
       5                  7447                  1001                  1046                 26367                 26822               182.830
       6                  7440                   932                   945                 29092                 29751               182.830
       7                  6996                  1232                  1332                  5822                  6193               129.280
       8                  6599                  3189                  3232                 31493                 31839               182.830
       9                  6450                  1742                  1785                 34037                 34426               182.830
      10                  6235                  2193                  2259                 12145                 12641               182.830
      11                  6116                  1739                  1791                 39341                 39659               129.280
      12                  6061                  2027                  2182                     1                   129               182.830
      13                  6032                  3048                  3060                 34882                 35457               182.830
      14                  5955                   986                  1016                 39908                 40421               182.830
      15                  5849                   283                   366                     1                   226               182.830
      16                  5725                  1469                  1483                 29647                 30217               182.830
      17                  5189                  2652                  2764                 44368                 44674               182.830
      18                  5047                  2729                  2783                 30091                 30486               182.830
      19                  5043                  1744                  1785                 23464                 23807               129.280
      20                  4880                  1742                  1789                 39598                 39952               182.830
      21                  4867                  3990                  3999                 49344                 49901               182.830
      22                  4620                  4474                  4492                 36484                 37005               182.830
      23                  4593                  1711                  1723                 49092                 49604               182.830
      24                  4280                  1453                  1485                  6684                  7001               153.741
      25                  4235                   720                   732                 26058                 26488               182.830
      26                  4177                  1742                  1775                 42811                 43143               129.280
      27                  4136                   276                   290                 20832                 21268               182.830
      28                  4117                  3988                  3999                 14350                 14819               153.741
      29                  4054                  1530                  1541                 11197                 11676               182.830
      30                  3915                  2562                  2654                     1                   123               182.830
      31                  3808                  1744                  1804                  1662                  1845               153.741
      32                  3775                  1739                  1792                 46659                 46869                69.590
      33                  3698                  4479                  4494                 17756                 18135               182.830
      34                  3692                  1744                  1802                  1850                  2028               182.830
      35                  3609                  2722                  2783                 30867                 31163               182.830
      36                  3592                  4095                  4118                 48425                 48785               182.830
      37                  3439                  1810                  1829                 13508                 13879               153.741
      38                  3366                   923                   945                  7211                  7560               182.830
      39                  3320                  3988                  3999                 19980                 20374               182.830
      40                  3313                  2962                  3013                 31416                 31671               153.741
      41                  3272                  3121                  3129                 30028                 30486               182.830
      42                  3222                  1426                  1483                  4187                  4548               182.830
      43                  3220                   355                   364                 31370                 31775               182.830
      44                  3215                  1788                  1829                  7655                  7949               182.830
      45                  3177                  1723                  1792                 35259                 35459               182.830
      46                  3150                  1472                  1483                 39164                 39597               182.830
      47                  3120                  1742                  1777                 35138                 35376               153.741
      48                  3036                  1018                  1039                 29238                 29439               182.830
      49                  3024                   260                   287                  8641                  9016               182.830
      50                  3007                  4042                  4050                 38312                 38734               182.830
      51                  2900                   720                   733                  7103                  7417               129.280
      52                  2831                  1742                  1775                 35018                 35219               129.280
      53                  2822                  1020                  1037                 13367                 13605                95.593
      54                  2770                   932                   945                 11825                 12178               182.830
      55                  2709                  1472                  1483                 23719                 24088               182.830
      56                  2689                  4475                  4495                 34002                 34348               182.830
      57                  2663                    98                   106                 16516                 16876               182.830
      58                  2628                   933                   945                 20170                 20469               182.830
      59                  2621                  1132                  1141                   782                  1098               153.741
      60                  2564                   276                   290                 40002                 40308               153.741
      61                  2557                  1742                  1775                 34668                 34891               129.280
      62                  2543                  3988                  3999                 26623                 26915               129.280
      63                  2509                  1333                  1376                  2483                  2712               182.830
      64                  2501                  1472                  1483                  2398                  2757               182.830
      65                  2482                  1713                  1723                 23268                 23616               182.830
      66                  2473                  2218                  2245                 29759                 30002               182.830
      67                  2463                  3988                  3999                 12947                 13301               182.830
      68                  2458                   403                   416                 16824                 17140               182.830
      69                  2435                  2834                  2888                 43665                 43880               129.280
      70                  2417                   302                   366                 49682                 49910               182.830
      71                  2402                   241                   249                 43259                 43619               153.741
      72                  2396                  2214                  2250                 30750                 31001               153.741
      73                  2394                   402                   416                 41957                 42228               129.280
      74                  2382                  1332                  1347                  3567                  3822               182.830
      75                  2367                  2875                  2884                 35657                 36004               182.830
      76                  2334                  1669                  1677                 21249                 21560               182.830
      77                  2319                  3154                  3204                     1                   155               182.830
      78                  2318                  3914                  3943                 47030                 47275               129.280
      79                  2302                   933                   945                 33097                 33350               153.741
      80                  2278                  1717                  1723                 21386                 21736               182.830
      81                  2276                  3531                  3570                 31412                 31637               153.741
      82                  2248                  1434                  1473                  3817                  4001               182.830
      83                  2240                  3988                  3999                 21802                 22067               153.741
      84                  2210                  1769                  1792                 43994                 44265               153.741
      85                  2209                  1746                  1759                 17214                 17476               129.280
      86                  2191                  2193                  2255                 25183                 25352               182.830
      87                  2165                   278                   301                 39741                 39996               182.830
      88                  2130                  1757                  1799                 23429                 23663               153.741
      89                  2108                  1019                  1046                 26247                 26409               153.741
      90                  2100                   276                   290                 46579                 46850               182.830
      91                  2077                   852                   865                  7475                  7714               182.830
      92                  2059                   281                   290                 48591                 48887               182.830
      93                  2043                  2684                  2734                     1                   211               153.741
      94                  2001                  1743                  1778                 38755                 38965               108.651
      95                  1963                  1764                  1783                 27172                 27405               153.741
      96                  1957                  3562                  3597                 29440                 29581               153.741
      97                  1944                  3466                  3475                 26612                 26911               182.830
      98                  1933                  3896                  3907                 33264                 33593               182.830
      99                  1921                   933                   944                 31792                 32073               182.830
     100                  1909                  2198                  2250                 32794                 32987               108.530
     101                  1908                  3394                  3423                 37810                 38028               182.830
     102                  1906                  1133                  1141                 17066                 17353               129.280
     103                  1887                  1760                  1771                   270                   535               182.830
     104                  1844                  3988                  3999                 19630                 19882               129.280
     105                  1837                  1354                  1367                 14907                 15113               182.830
     106                  1797                  4061                  4074                 41179                 41418               129.280
     107                  1785                   722                   733                 20321                 20549               153.741
     108                  1783                  4386                  4399                 26359                 26562               182.830
     109                  1748                  3894                  3931                   293                   492               153.741
     110                  1742                   276                   290                 11934                 12149               108.711
     111                  1740                  4355                  4404                     1                   111               182.830
     112                  1736                   934                   945                 33987                 34215               153.741
     113                  1719                  2177                  2192                  8884                  9104               129.280
     114                  1711                  4130                  4178                     1                   221               182.830
     115                  1708                   405                   413                 30166                 30457               182.830
     116                  1694                   933                   945                   988                  1220               182.830
     117                  1671                  2772                  2816                  1653                  1777               129.280
     118                  1669                  1742                  1776                 33652                 33841               182.830
     119                  1655                  1815                  1829                  7413                  7659               153.741
     120                  1654                  2683                  2696                  6991                  7223               153.741
     121                  1644                   276                   290                 19448                 19655               153.741
     122                  1640                   723                   733                 19394                 19612               129.280
     123                  1635                  1816                  1829                 17945                 18126               182.830
     124                  1623                  1018                  1039                 29463                 29641               182.830
     125                  1615                  1742                  1792                 40079                 40224                77.128
     126                  1603                  1899                  1922                 23432                 23636               182.830
     127                  1593                  1010                  1037                 26138                 26304               129.280
     128                  1582                  1669                  1676                     1                   235               182.830
     129                  1580                  2294                  2300                   808                  1058               182.830
     130                  1580                  4386                  4399                 48388                 48621               153.741
     131                  1552                  3913                  3949                 38358                 38559               129.280
     132                  1548                  3989                  4016                 42644                 42831               182.830
     133                  1546                  3010                  3069                 39573                 39704               153.741
     134                  1542                  2751                  2783                 22086                 22304               153.741
     135                  1534                   405                   416                 12543                 12739               108.711
     136                  1532                  1339                  1347                     1                   205               182.830
     137                  1517                   276                   290                 46816                 47015               153.741
     138                  1515                  1187                  1210                  5917                  6088               129.280
     139                  1501                  1823                  1829                 35736                 35977               153.741
     140                  1488                  4325                  4334                 31636                 31853               182.830
     141                  1487                  4390                  4399                 26488                 26716               153.741
     142                  1477                  1753                  1767                 34455                 34687               182.830
     143                  1477                  1744                  1776                 40340                 40460               129.280
     144                  1461                  1745                  1767                 49352                 49544               182.830
     145                  1442                  2265                  2300                  3968                  4153               182.830
     146                  1425                  3816                  3840                 45202                 45372               182.830
     147                  1415                  3561                  3593                 38499                 38654               182.830
     148                  1409                  2772                  2815                 49580                 49717               182.830
     149                  1405                  1434                  1463                  3615                  3780               129.280
     150                  1398                  3537                  3545                 31604                 31805               182.830
     151                  1396                   662                   670                 45161                 45352               182.830
     152                  1395                  1713                  1742                 43267                 43476               182.830
     153                  1385                  1350                  1370                 16861                 16994               107.175
     154                  1384                  1742                  1791                 45544                 45676               129.280
     155                  1383                  2771                  2799                 23337                 23472                52.162
     156                  1382                   276                   290                   593                   805               129.280
     157                  1376                  3049                  3060                 41021                 41207               182.830
     158                  1352                  1669                  1677                 11367                 11584               153.741
     159                  1338                  1019                  1055                 17873                 18005               182.830
     160                  1338                  1022                  1046                 26094                 26235               153.741
     161                  1325                  1742                  1777                 36379                 36529                90.866
     162                  1325                  1024                  1034                 44984                 45157               182.830
     163                  1319                   720                   729                 18685                 18908               182.830
     164                  1313                  2815                  2831                  4699                  4902               129.280
     165                  1309                  1001                  1048                 44766                 44896                66.795
     166                  1304                  1897                  1906                 25186                 25359               182.830
     167                  1301                  1821                  1829                 22721                 22914                69.547
     168                  1300                  1742                  1785                 45666                 45793               108.711
     169                  1267                   933                   945                 33802                 33978               153.741
     170                  1255                  1133                  1141                  9409                  9592               182.830
     171                  1250                  1023                  1037                 48337                 48476               153.741
     172                  1248                  2088                  2100                   270                   466               182.830
     173                  1243                  1747                  1759                 21116                 21291                74.450
     174                  1243                  2772                  2815                 49414                 49552               182.830
     175                  1238                   722                   733                 20527                 20705               182.830
     176                  1237                  4479                  4493                 20617                 20801               182.830
     177                  1234                  1133                  1140                  1908                  2106               182.830
     178                  1228                  3400                  3406                  9213                  9406               182.830
     179                  1227                  1133                  1141                  4288                  4460                91.273
     180                  1226                  1023                  1037                 48172                 48314               153.741
     181                  1220                  1361                  1369                 17313                 17486               182.830
     182                  1218                  1359                  1400                  6122                  6260               182.830
     183                  1215                   402                   415                 16361                 16518               182.830
     184                  1210                  3720                  3730                  9652                  9831                90.730
     185                  1207                  1133                  1141                 10219                 10408               129.280
     186                  1203                  2630                  2682                     1                   123               153.741
     187                  1185                  3947                  3986                 40457                 40578               153.741
     188                  1176                  1352                  1368                 15125                 15268               153.741
     189                  1171                  3914                  3934                 47401                 47572               129.280
     190                  1169                  3924                  3948                 46975                 47123               182.830
     191                  1157                  1669                  1677                 15332                 15496               153.741
     192                  1152                   402                   416                 23702                 23862               153.741
     193                  1142                  2796                  2833                 29412                 29528               129.280
     194                  1135                  1132                  1141                  4957                  5110                64.640
     195                  1128                   933                   945                 46262                 46401               129.280
     196                  1126                  2455                  2460                 17338                 17529               153.741
     197                  1124                  2770                  2795                  3552                  3691               182.830
     198                  1124                  3566                  3593                 22906                 23057               182.830
     199                  1120                  3168                  3232                 49872                 49971               182.830
     200                  1119                  1132                  1141                  1071                  1236               182.830
     201                  1118                   536                   589                 49884                 50000               182.830
     202                  1115                  1019                  1038                 17727                 17857               182.830
     203                  1103                   276                   290                 16014                 16163               182.830
     204                  1089                  4051                  4080                  3523                  3692               153.741
     205                  1085                  3890                  3903                 44853                 45009                99.927
     206                  1084                  2213                  2243                 29666                 29779               153.741
     207                  1082                  1747                  1792                 46013                 46130               129.280
     208                  1072                   355                   364                 19700                 19882               153.741
     209                  1068                  4058                  4071                 40264                 40421               182.830
     210                  1058                  1133                  1141                 21069                 21227                76.870
     211                  1056                   662                   670                 44970                 45117               153.741
     212                  1047                  1133                  1141                  6648                  6803                89.609
     213                  1047                  1746                  1775                 47654                 47782                91.481
     214                  1045                  3990                  3999                 23023                 23169               182.830
     215                  1045                  2786                  2799                 26553                 26704               182.830
     216                  1036                  1745                  1785                  8452                  8544               182.830
     217                  1036                   408                   416                 38777                 38955               129.280
     218                  1017                  4470                  4478                 31398                 31559               182.830
     219                  1016                  1669                  1676                 49842                 50000               182.830
     220                   999                   699                   723                 24403                 24562               182.830
     221                   998                   722                   732                  1518                  1655               106.233
     222                   997                  2762                  2799                 29096                 29206                53.003
     223                   995                  3230                  3238                  9556                  9714               182.830
     224                   988                   279                   290                 22295                 22456               153.741
     225                   982                  1669                  1676                 23071                 23225               182.830
     226                   982                  3048                  3060                 41210                 41353               182.830
     227                   981                  3810                  3825                 43991                 44133               182.830
     228                   973                  2799                  2835                 31389                 31498               108.533
     229                   971                  1742                  1777                 48545                 48667                76.960
     230                   969                   933                   945                 26522                 26646               153.741
     231                   965                  3019                  3057                 37563                 37693               182.830
     232                   960                  2251                  2297                     1                    84               182.830
     233                   959                  1719                  1754                 27931                 28054               182.830
     234                   950                  3989                  3999                 24825                 24974               129.280
     235                   950                  1748                  1759                 41575                 41709               153.741
     236                   946                   856                   865                  6986                  7104               153.741
     237                   946                  4326                  4334                 15478                 15639               129.280
     238                   937                  2465                  2474                 43004                 43152               153.741
     239                   926                  1188                  1197                  2012                  2147               153.741
     240                   924                  1740                  1792                 44305                 44384                92.257
     241                   915                  4415                  4464                     1                    96               129.280
     242                   913                  2770                  2799                   395                   502               129.280
     243                   912                   278                   290                  4146                  4275               108.180
     244                   908                   665                   718                    31                    92                76.870
     245                   896                  3941                  3986                 40327                 40418               153.741
     246                   894                   355                   364                 23968                 24117               182.830
     247                   894                   934                   945                 34266                 34399               182.830
     248                   888                  3033                  3082                 43782                 43876               153.741
     249                   886                  3400                  3407                  7410                  7542               182.830
     250                   878                   355                   364                 39903                 40042               182.830
     251                   878                  4043                  4050                 48990                 49131               153.741
     252                   877                  1777                  1785                 37489                 37613               153.741
     253                   868                  1022                  1037                 11695                 11813               129.280
     254                   867                   566                   576                 45400                 45539               182.830
     255                   866                   495                   528                    82                   184               129.280
     256                   864                  2197                  2247                 23534                 23631               182.830
     257                   864                  3304                  3315                 35137                 35274               108.711
     258                   862                  2050                  2057                 35843                 35980               153.741
     259                   862                  4060                  4074                 41142                 41282               153.741
     260                   859                  2889                  2920                 31414                 31524               129.280
     261                   855                   500                   556                 49929                 50000               153.741
     262                   852                  4272                  4278                    60                   196               182.830
     263                   851                  2049                  2057                 11904                 12033               129.280
     264                   850                  1744                  1792                 40008                 40087                76.830
     265                   849                   405                   416                 34580                 34704               108.711
     266                   845                  2885                  2907                 34587                 34687               153.741
     267                   842                   936                   945                  5047                  5179               153.741
     268                   841                  1713                  1723                 24491                 24630               182.830
     269                   840                  1024                  1034                   547                   664               182.830
     270                   840                  1469                  1483                 38459                 38597               182.830
     271                   836                  1133                  1140                  3824                  3967               182.830
     272                   835                  1752                  1782                 15763                 15874               182.830
     273                   822                  1668                  1677                 40460                 40587               182.830
     274                   821                   923                   945                  7561                  7687               182.830
     275                   820                  1296                  1325                   597                   706               129.280
     276                   818                  1006                  1030                 48140                 48261               182.830
     277                   815                  1384                  1395                  3250                  3380               182.830
     278                   813                  2755                  2783                 31165                 31271               182.830
     279                   812                  3988                  3998                 21693                 21827               129.280
     280                   810                   405                   413                 22425                 22563               182.830
     281                   804                  3221                  3237                 49783                 49878               108.453
     282                   801                   498                   556                     1                    61               153.741
     283                   800                  1668                  1677                 40328                 40460               182.830
     284                   791                     6                    14                 25361                 25496               129.280
     285                   787                  1024                  1033                 45177                 45290               108.711
     286                   786                  2762                  2782                 26421                 26533               108.491
     287                   786                  1475                  1483                 29552                 29672               153.741
     288                   786                  1629                  1664                 44460                 44531                99.307
     289                   785                  4387                  4399                 15146                 15266               182.830
     290                   784                  1133                  1141                 11206                 11329                91.415
     291                   781                   402                   415                 16515                 16634               153.741
     292                   776                  4393                  4399                 46279                 46407               129.280
     293                   775                   278                   290                 19675                 19791               153.741
     294                   775                  4243                  4265                 26602                 26718               182.830
     295                   774                  4068                  4074                  8172                  8305               153.741
     296                   773                  1434                  1469                  3684                  3781               182.830
     297                   769                  2770                  2799                   299                   396               129.280
     298                   767                  3935                  3965                 40454                 40564               129.280
     299                   754                  4061                  4071                 47934                 48063               182.830
     300                   753                   936                   945                 48780                 48883               153.741
     301                   752                  2938                  2961                 41741                 41855               182.830
     302                   749                   280                   302                  8923                  9045               107.580
     303                   742                  1472                  1480                 26684                 26811               153.741
     304                   742                  2816                  2833                 34562                 34679               153.741
     305                   740                   279                   290                  3619                  3735               182.830
     306                   737                  1475                  1483                 26812                 26929               153.741
     307                   731                  1473                  1483                 38670                 38795               153.741
     308                   726                  3815                  3823                  2822                  2946               182.830
     309                   726                   782                   788                 46233                 46351               153.741
     310                   723                  1028                  1037                 23896                 24000               153.741
     311                   722                   283                   356                 49938                 50000               182.830
     312                   719                  1190                  1208                  1649                  1762               182.830
     313                   718                  2814                  2832                 29553                 29654               129.280
     314                   715                  1023                  1037                 29519                 29626               153.741
     315                   711                  1633                  1639                 35416                 35539               182.830
     316                   709                  1019                  1050                 45206                 45294               129.280
     317                   706                  1629                  1656                 44363                 44436               105.134
     318                   702                  4393                  4399                 48622                 48742               153.741
     319                   701                  1751                  1782                 15663                 15767               182.830
     320                   699                   397                   412                 44915                 45023               182.830
     321                   697                   934                   944                 15574                 15687               153.741
     322                   696                  3889                  3903                  4430                  4534                91.415
     323                   695                  1815                  1829                 17812                 17910               182.830
     324                   690                   407                   416                 22988                 23105               182.830
     325                   676                  4133                  4143                    52                   143               101.274
     326                   675                  3533                  3545                 35085                 35197               182.830
     327                   674                   310                   319                  2979                  3085               182.830
     328                   674                   280                   290                  9041                  9125                87.000
     329                   672                  1472                  1483                 49010                 49114               182.830
     330                   671                  4386                  4398                 37229                 37336               153.741
     331                   670                  1384                  1392                  3085                  3200               182.830
     332                   670                  3562                  3594                 29608                 29668               153.741
     333                   670                  1746                  1785                 39606                 39689               107.472
     334                   654                   260                   267                  8494                  8601               182.830
     335                   650                  3011                  3069                 39747                 39827               153.741
     336                   649                  4425                  4462                     1                    74               182.830
     337                   641                  1669                  1677                 15940                 16050               182.830
     338                   641                  1475                  1483                 17666                 17758               182.830
     339                   634                  2936                  2962                  5035                  5132               182.830
     340                   633                  3915                  3949                 34023                 34118               129.280
     341                   632                  2873                  2903                 34251                 34357               182.830
     342                   630                  1742                  1771                 38982                 39074               108.711
     343                   628                  1028                  1036                 24062                 24162               182.830
     344                   619                  2037                  2057                   683                   778               129.280
     345                   618                  3400                  3407                  7243                  7349               182.830
     346                   615                  2759                  2785                 34180                 34274               182.830
     347                   612                  3082                  3091                 20155                 20253               153.741
     348                   610                  3050                  3060                 36150                 36254               153.741
     349                   599                  2724                  2751                  9879                  9975               182.830
     350                   597                  2795                  2835                 31305                 31384               107.291
     351                   597                  4272                  4278                 49900                 50000               182.830
     352                   596                  3298                  3324                  8953                  9046               108.711
     353                   596                  1475                  1483                 29410                 29512               107.869
     354                   592                  2875                  2884                 23820                 23922               182.830
     355                   591                  2816                  2831                 34899                 34986               182.830
     356                   583                  1023                  1037                   442                   504                86.575
     357                   582                  3011                  3044                 43784                 43866               182.830
     358                   581                  4393                  4399                 36363                 36463               182.830
     359                   581                  3990                  3999                 47981                 48081               129.280
     360                   580                  1530                  1539                 12986                 13086               182.830
     361                   574                  2218                  2245                 32676                 32766               129.280
     362                   570                  1006                  1037                   526                   590                90.123
     363                   570                   405                   413                  2529                  2627               129.280
     364                   568                  1744                  1776                  8597                  8675               153.741
     365                   567                   720                   732                 11356                 11453               182.830
     366                   567                  1748                  1759                 17121                 17213               129.280
     367                   566                  1132                  1141                  5236                  5325                64.404
     368                   563                   933                   945                 19108                 19185                91.415
     369                   563                   651                   671                 24366                 24455               153.741
     370                   558                  1715                  1723                 22837                 22917                78.721
     371                   557                  2775                  2815                 31429                 31517               129.280
     372                   555                  3535                  3545                 31288                 31375               129.280
     373                   554                   936                   945                 38698                 38786               129.280
     374                   551                  2774                  2799                  1736                  1821               153.741
     375                   549                   276                   289                 20095                 20182               108.711
     376                   549                   818                   829                 30673                 30763               153.741
     377                   548                  2770                  2792                  1249                  1324               108.648
     378                   547                  1357                  1369                  3816                  3902               153.741
     379                   547                  2763                  2799                 34541                 34602                89.846
     380                   545                   952                   974                   524                   604                91.891
     381                   544                  2853                  2888                 43909                 43984               129.280
     382                   543                   936                   945                 16023                 16112               153.741
     383                   541                  1133                  1140                  2380                  2475                54.356
     384                   541                  4387                  4398                 15313                 15404               153.741
     385                   539                   782                   788                 37631                 37714               153.741
     386                   538                  1314                  1337                  6112                  6193               108.711
     387                   537                   278                   290                  3469                  3558               182.830
     388                   537                  1751                  1776                 42333                 42415               108.711
     389                   534                  2832                  2853                 21178                 21266               129.280
     390                   533                  3816                  3823                 14389                 14481               153.741
     391                   531                  2819                  2831                  1393                  1482               129.280
     392                   528                  3990                  4009                 38376                 38461               153.741
     393                   525                  4390                  4399                 26716                 26799               153.741
     394                   522                  1742                  1775                 34908                 34981               129.280
     395                   519                   276                   302                 24068                 24155               182.830
     396                   518                   278                   290                 46298                 46380               106.741
     397                   517                   310                   317                  2778                  2867               182.830
     398                   516                  1023                  1050                 45294                 45370               129.280
     399                   514                  3611                  3624                  9177                  9259               153.741
     400                   509                  3902                  3922                   341                   427               182.830
     401                   508                   405                   413                 22618                 22706               182.830
     402                   507                  3820                  3838                 34527                 34595               103.935
     403                   505                  2774                  2796                 31335                 31405                95.593
     404                   505                  2938                  2945                 41936                 42022               182.830
     405                   504                  1019                  1037                 29476                 29529                90.078
     406                   503                   278                   290                  4274                  4343                94.038
     407                   498                   206                   214                  9703                  9772                79.585
     408                   497                   699                   704                 26195                 26281               129.280
     409                   496                   952                   974                   452                   527                90.424
     410                   494                   276                   287                 27933                 28015               107.871
     411                   493                  4264                  4305                     1                    48               129.280
     412                   492                  3298                  3323                  8884                  8952               108.711
     413                   489                  1426                  1431                 20842                 20926               129.280
     414                   486                  1633                  1639                 35614                 35698               182.830
     415                   481                  4038                  4061                  3738                  3816               129.280
     416                   480                   936                   945                 48044                 48127               182.830
     417                   478                  1133                  1140                  5468                  5551               182.830
     418                   478                  3539                  3545                 22988                 23071               182.830
     419                   477                  1756                  1767                 42261                 42341               129.280
     420                   475                  3446                  3481                 31463                 31531               153.741
     421                   475                  2784                  2799                 34628                 34699                92.798
     422                   474                  1437                  1451                  4583                  4657               182.830
     423                   473                   355                   364                 19576                 19658               182.830
     424                   472                   405                   413                  9908                  9990               182.830
     425                   471                  1777                  1785                  8608                  8689               182.830
     426                   470                  2910                  2939                  1289                  1364               153.741
     427                   466                  1372                  1403                  6009                  6071               129.280
     428                   466                  3539                  3545                 31203                 31283               107.895
     429                   464                  3990                  3998                  6603                  6683               129.280
     430                   462                   276                   289                  6887                  6967               182.830
     431                   462                  1204                  1224                 47705                 47782               182.830
     432                   457                  1633                  1640                 22285                 22364               182.830
     433                   456                   280                   290                 15612                 15682                81.160
     434                   455                  2893                  2901                 24186                 24265               182.830
     435                   454                  4304                  4312                  1116                  1193               182.830
     436                   454                  1133                  1140                  3491                  3570               182.830
     437                   454                  1023                  1037                 11853                 11910                82.284
     438                   454                   724                   733                 27597                 27676               153.741
     439                   452                  3562                  3572                 38391                 38469               182.830
     440                   451                  1133                  1141                  9870                  9949                45.707
     441                   451                  4132                  4143                 40177                 40247                77.186
     442                   450                  3052                  3060                 45152                 45230               108.711
     443                   448                  2723                  2732                 10037                 10115               153.741
     444                   444                  2822                  2831                  1541                  1618               153.741
     445                   444                  2825                  2831                  4903                  4980               129.280
     446                   444                  2368                  2398                 31437                 31504               129.280
     447                   443                  1475                  1483                  2978                  3055                91.415
     448                   443                  3535                  3545                 31382                 31452               129.280
     449                   442                  2841                  2850                  7772                  7849               182.830
     450                   438                  1133                  1140                 22504                 22580                64.640
     451                   437                   933                   945                  2368                  2434                91.811
     452                   436                  1717                  1723                 26856                 26932               182.830
     453                   434                  2755                  2783                 31289                 31351               182.830
     454                   434                   782                   790                 37756                 37829               129.280
     455                   434                  3021                  3044                 43954                 44029               182.830
     456                   429                  2841                  2850                  7681                  7756               182.830
     457                   423                  1823                  1829                 17344                 17416               182.830
     458                   423                  1767                  1781                 36222                 36295               182.830
     459                   422                   936                   945                   935                  1009               153.741
     460                   422                   936                   945                 48659                 48727               153.741
     461                   420                  1189                  1207                  1763                  1832               182.830
     462                   420                  3820                  3838                 34443                 34507               105.911
     463                   418                   939                   944                 23574                 23647               129.280
     464                   418                  1717                  1723                 24657                 24730               182.830
     465                   417                  1255                  1289                  5766                  5824               129.280
     466                   414                  4393                  4399                 31430                 31502               153.741
     467                   413                   936                   945                 26447                 26517               153.741
     468                   413                   373                   380                 30053                 30120               105.361
     469                   411                  4127                  4143                     1                    58                96.886
     470                   410                  1357                  1369                  3720                  3787               153.741
     471                   409                   179                   190                 41243                 41315               182.830
     472                   408                   722                   733                 27819                 27890               182.830
     473                   408                   939                   944                 28892                 28963                91.415
     474                   406                   933                   941                 38895                 38966               182.830
     475                   406                  1753                  1781                 45957                 46015               129.280
     476                   404                  2814                  2831                 23171                 23240               182.830
     477                   404                  3567                  3593                 31563                 31611                90.475
     478                   403                  2770                  2799                 23492                 23544                67.432
     479                   403                   978                   997                 23913                 23977               153.741
     480                   402                   276                   290                 40312                 40382               153.741
     481                   402                  3810                  3827                 44249                 44318               182.830
     482                   401                   911                   929                     1                    60               108.711
     483                   401                  3973                  3980                   782                   852               182.830
     484                   400                  3964                  4003                 38395                 38456               108.408
     485                   399                  1823                  1829                 17205                 17270               182.830
     486                   398                   939                   945                  5217                  5287               153.741
     487                   398                   936                   945                 26645                 26714               153.741
     488                   398                   936                   945                 35101                 35162                99.020
     489                   396                  3830                  3840                 23696                 23765               182.830
     490                   396                  1745                  1775                 33846                 33912               182.830
     491                   395                  1019                  1037                 29395                 29442                96.008
     492                   394                  1383                  1393                  6891                  6960               129.280
     493                   391                  2626                  2638                   121                   182                55.829
     494                   391                   276                   289                 20179                 20248               129.280
     495                   390                  3990                  3998                 22944                 23013               153.741
     496                   389                  3230                  3238                 47230                 47298               182.830
     497                   388                     6                    14                 25548                 25616               129.280
     498                   387                  2811                  2831                 23324                 23391               182.830
     499                   383                  1024                  1037                 11932                 11986                91.415
     500                   381                   936                   945                 40094                 40160               153.741
     501                   381                   934                   945                 48222                 48291               153.741
     502                   379                  3890                  3903                 44782                 44844                49.564
     503                   377                  2873                  2884                 34609                 34676               182.830
     504                   374                   934                   945                 13633                 13687                84.065
     505                   373                  3168                  3204                 49945                 50000               182.830
     506                   372                   933                   945                 45940                 45999               108.293
     507                   371                  1823                  1829                 36006                 36071               153.741
     508                   370                  2825                  2831                  5033                  5098               129.280
     509                   369                  1786                  1795                  1078                  1142               182.830
     510                   366                  2817                  2833                 34447                 34508               153.741
     511                   364                  4479                  4494                 37281                 37344               182.830
     512                   363                  1188                  1196                  2185                  2248               153.741
     513                   363                  4386                  4397                 35969                 36030                77.867
     514                   362                  3054                  3060                 34795                 34854               182.830
     515                   362                  1767                  1782                 36296                 36350               182.830
     516                   361                  1747                  1759                 39953                 40015               182.830
     517                   361                  4132                  4143                 40261                 40319                77.611
     518                   360                  1652                  1660                 26455                 26518                92.039
     519                   360                  3990                  3999                 48109                 48174               129.280
     520                   359                  2039                  2057                   777                   837               129.280
     521                   358                     1                    20                     1                    56               182.830
     522                   357                  1714                  1723                 22182                 22241                95.194
     523                   356                   934                   944                 15487                 15550               153.741
     524                   355                  4393                  4399                 27399                 27462               153.741
     525                   354                  4387                  4398                 27574                 27636               182.830
     526                   352                  1823                  1829                 22909                 22971               182.830
     527                   349                  1670                  1677                 34919                 34980               182.830
     528                   348                  1028                  1034                 13324                 13386               182.830
     529                   347                   936                   945                 12210                 12256                76.342
     530                   346                  2649                  2656                   133                   194               129.280
     531                   345                   280                   289                 19869                 19929               129.280
     532                   344                  2688                  2696                  3998                  4060                91.415
     533                   343                   276                   290                 20083                 20146               129.280
     534                   341                  2784                  2793                  3476                  3531               182.830
     535                   341                  1476                  1483                 29344                 29398                92.638
     536                   338                   933                   941                 48064                 48123               153.741
     537                   335                  1530                  1539                 13163                 13222               182.830
     538                   333                   936                   945                  7914                  7970                76.870
     539                   332                  1777                  1785                 37617                 37674               153.741
     540                   330                  3393                  3421                 37745                 37804               182.830
     541                   329                  1767                  1782                 36364                 36422               182.830
     542                   328                  3446                  3480                 31563                 31616               153.741
     543                   327                  4393                  4399                 17880                 17937                91.415
     544                   326                  2770                  2792                  1194                  1253               108.711
     545                   326                  2265                  2298                  4151                  4204               182.830
     546                   326                  2814                  2831                 39850                 39896                74.769
     547                   326                  3054                  3059                 40963                 41020               182.830
     548                   324                  2821                  2829                  5722                  5777                89.664
     549                   322                  1715                  1723                 19103                 19156                95.121
     550                   322                  2788                  2799                 26453                 26512               182.830
     551                   319                  1187                  1196                  1953                  2011               153.741
     552                   319                  1762                  1775                 44551                 44600                64.640
     553                   318                   939                   945                 40257                 40313               153.741
     554                   318                  3033                  3064                 43941                 43984               153.741
     555                   317                   933                   941                 26639                 26695               129.280
     556                   317                   276                   286                 39472                 39528               108.711
     557                   315                   936                   945                 38603                 38661               129.280
     558                   315                  4393                  4399                 46408                 46465               129.280
     559                   314                   853                   874                  7342                  7396               182.830
     560                   313                  4393                  4399                 42695                 42752               108.711
     561                   311                  2875                  2884                 23721                 23776               182.830
     562                   311                  2816                  2828                 49574                 49624                86.130
     563                   310                   699                   704                 12416                 12471               153.741
     564                   309                  3712                  3743                 31319                 31373               108.711
     565                   308                  2040                  2057                   660                   712               108.711
     566                   308                   527                   545                 47308                 47361               182.830
     567                   306                  1698                  1723                   655                   708               182.830
     568                   306                  2262                  2268                 39902                 39954               129.280
     569                   304                  1022                  1037                 11580                 11636               153.741
     570                   303                  3049                  3059                 39250                 39303               108.711
     571                   302                  1434                  1447                  8634                  8687                91.415
     572                   302                  2050                  2057                 21609                 21662               153.741
     573                   302                  3559                  3569                 35257                 35312               129.280
     574                   300                   934                   945                 32420                 32470                90.348
     575                   299                  4393                  4399                 35618                 35674                54.356
     576                   298                  1475                  1483                 17544                 17592               182.830
     577                   298                  3365                  3376                 38217                 38264               108.711
     578                   298                   933                   941                 38730                 38783               153.741
     579                   297                  3366                  3376                 38296                 38353               108.711
     580                   297                   933                   945                 40376                 40415                63.670
     581                   296                   939                   944                 23650                 23701               129.280
     582                   295                  1303                  1311                 27693                 27745               129.280
     583                   294                  1899                  1906                 25419                 25473               182.830
     584                   294                  4393                  4399                 42595                 42648               129.280
     585                   288                   939                   945                 46414                 46464               108.711
     586                   287                  3050                  3059                 41746                 41800                91.415
     587                   285                  4388                  4399                 15415                 15465               182.830
     588                   281                  3050                  3059                 41832                 41883                92.338
     589                   279                  1751                  1759                 41954                 42003               153.741
     590                   278                  4387                  4397                 15488                 15537               182.830
     591                   278                   700                   723                 19424                 19471               108.711
     592                   277                  4066                  4074                 30967                 31016               129.280
     593                   274                  2874                  2884                  8456                  8506                64.490
     594                   274                  1023                  1037                 11833                 11888               129.280
     595                   274                   405                   416                 16707                 16757               153.741
     596                   274                  3989                  3999                 39019                 39066               182.830
     597                   272                  1753                  1771                 43416                 43463                91.415
     598                   270                  2816                  2833                 34677                 34722               153.741
     599                   269                  1019                  1046                 26406                 26452               153.741
     600                   267                  2932                  2958                  6008                  6056               182.830
     601                   267                  1357                  1369                 17013                 17056                97.115
     602                   266                  3227                  3235                 49686                 49730               108.711
     603                   265                  2050                  2057                 11851                 11899               129.280
     604                   264                   936                   945                 35018                 35064               108.711
     605                   263                  1473                  1483                  4139                  4185               182.830
     606                   262                   276                   289                 15960                 16007               182.830
     607                   262                  2235                  2243                 32989                 33038               108.711
     608                   258                   280                   290                 46243                 46289               108.711
     609                   257                   741                   748                 45662                 45706               182.830
     610                   256                  4386                  4392                 26252                 26297               182.830
     611                   255                  1654                  1676                   664                   708               182.830
     612                   255                   936                   945                  3883                  3926               129.280
     613                   253                  1742                  1775                 26343                 26377                54.356
     614                   251                  2235                  2243                 21134                 21179                88.807
     615                   250                   933                   945                 19197                 19243                87.575
     616                   248                  2352                  2368                 31446                 31490               129.280
     617                   248                   760                   769                 44337                 44380                93.089
     618                   245                   373                   380                 33597                 33633                51.885
     619                   245                  1478                  1483                 49958                 50000               153.741
     620                   243                  2050                  2057                  5944                  5986               182.830
     621                   243                   373                   380                  6344                  6385                56.937
     622                   243                  2814                  2834                 31457                 31498               129.280
     623                   240                  3990                  3999                 24741                 24783               129.280
     624                   238                  2772                  2785                 34274                 34315               182.830
     625                   237                  2745                  2762                 30029                 30071               182.830
     626                   236                  4388                  4399                 15373                 15414               182.830
     627                   230                   931                   945                  6379                  6418               108.711
     628                   228                  3989                  4006                 38501                 38539               153.741
     629                   228                   933                   945                 40433                 40464                64.640
     630                   227                  1796                  1807                   932                   971               108.711
     631                   227                  1817                  1829                  7616                  7655               182.830
     632                   227                  1434                  1442                 15278                 15318                76.870
     633                   227                  3988                  3999                 34113                 34152               153.741
     634                   225                  2772                  2798                 23431                 23469               182.830
