Res     CDM 
634	0.4664
635	0.4385
636	0.3872
637	0.4282
638	0.442
639	0.4898
640	0.5479
641	0.5109
642	0.5775
643	0.5352
644	0.4774
645	0.4727
646	0.4738
647	0.4156
648	0.4389
649	0.4779
650	0.4706
651	0.5658
652	0.6438
653	0.6285
654	0.6627
655	0.5713
656	0.5933
657	0.5409
658	0.5889
659	0.5593
660	0.4561
661	0.5139
662	0.5225
663	0.5536
664	0.5979
665	0.7372
666	0.7419
667	0.764
668	0.7729
669	0.6374
670	0.5588
671	0.6149
672	0.5401
673	0.5643
674	0.5891
675	0.5765
676	0.5393
677	0.5393
678	0.757
679	0.9001
680	0.7675
681	0.5059
682	0.5631
683	0.5648
684	0.6765
685	0.8002
686	0.7361
687	0.6954
688	0.8351
689	0.8911
690	0.7979
691	0.9795
692	1.1106
693	1.1076
694	0.9052
695	0.9341
696	1.1575
697	1.0925
698	0.9421
699	1.0556
700	0.9122
701	0.517
702	0.4287
703	0.4169
704	0.43
705	0.494
706	0.8278
707	0.8378
708	1.2187
709	1.1945
710	1.0959
711	1.0882
712	1.1731
713	1.1283
714	1.0803
715	1.1639
716	1.3883
717	1.4309
718	1.6926
719	1.6659
720	1.2933
721	1.3028
722	1.0808
723	0.903
724	0.9917
725	1.0661
726	1.136
727	1.0499
728	0.9653
729	0.8828
730	0.722
731	0.6695
732	0.6818
733	0.6717
734	0.6077
735	0.6261
736	0.6701
737	0.6051
738	0.6066
739	0.7295
740	0.7904
741	0.7021
742	0.8417
743	0.9786
744	1.6744
745	2.3985
746	2.4046
747	1.5113
748	1.1762
749	0.7956
750	0.6534
751	0.5287
752	0.46
753	0.4599
754	0.4925
755	0.5189
756	0.5947
757	0.6817
758	0.862
759	0.9409
760	1.0741
761	1.0537
762	1.0278
763	1.0794
764	1.0515
765	0.9206
766	0.8534
767	0.9194
768	0.8798
769	0.7708
770	0.7863
771	0.8958
772	0.8617
773	0.8179
774	0.9601
775	0.8675
776	0.779
777	0.7546
778	0.7368
779	0.7285
780	0.6899
781	0.7423
782	0.6854
783	0.7863
784	0.9462
785	0.8249
786	0.7661
787	0.7703
788	0.977
789	0.8823
790	0.7576
791	0.7449
792	0.6726
793	0.6538
794	0.599
795	0.5478
796	0.5449
797	0.5974
798	0.6602
799	0.8752
800	1.1859
801	0.8939
802	1.1525
803	1.0931
804	1.2481
805	1.1066
806	1.64
807	1.8374
808	1.9205
809	1.9864
810	1.8371
811	1.8596
812	1.2941
813	0.9557
814	0.9115
815	0.6921
816	0.7742
817	0.8704
818	0.7404
819	0.6825
820	1.1207
821	2.1991
822	1.7232
823	1.2438
824	1.2405
825	1.0299
826	1.3145
827	1.1992
828	1.1416
829	0.9094
830	0.9319
831	1.1864
832	1.7509
833	3.3521
834	4.0517
835	4.1115
836	4.3736
837	5.0001
838	6.3013
839	6.6049
840	7.4138
841	6.4693
842	6.8301
843	6.3863
844	5.2781
845	4.6998
846	3.1967
847	2.6272
848	1.5676
849	1.0994
850	0.9281
851	1.257
852	1.7004
853	2.5151
854	2.6404
855	1.9457
856	1.4866
857	1.17
858	1.1828
859	0.8221
860	1.1494
861	0.8462
862	0.8287
863	0.6822
864	0.6488
865	0.6051
866	0.6234
867	0.6201
868	0.6033
869	0.624
870	0.5792
871	0.6803
872	0.8014
873	0.7329
874	0.6163
875	0.6435
876	0.8194
877	0.8085
878	1.6818
879	1.7079
880	1.3889
881	1.1987
882	1.0433
883	1.0763
884	1.1453
885	0.9154
886	0.8762
887	1.023
888	0.8757
889	0.6928
890	0.8085
891	0.7928
892	0.6931
893	0.6352
894	0.6634
895	0.5847
896	0.6736
897	0.6511
898	0.5837
899	0.6009
900	0.6961
901	0.6502
902	0.5675
903	0.6788
904	0.7207
905	0.6031
906	0.6659
907	0.7131
908	0.6024
909	0.5772
910	0.674
911	0.7832
912	1.5252