Res     3L_CDD
634	0.6367
635	0.6667
636	0.6705
637	0.7249
638	0.6894
639	0.727
640	0.685
641	0.7543
642	0.6995
643	0.6088
644	0.6206
645	0.5896
646	0.5826
647	0.6194
648	0.6851
649	0.7217
650	0.7785
651	0.8238
652	0.6952
653	0.6713
654	0.7224
655	0.6671
656	0.6685
657	0.7296
658	0.7244
659	0.67
660	0.6756
661	0.7867
662	0.8004
663	0.7711
664	0.6333
665	0.6816
666	0.6554
667	0.7523
668	0.7838
669	0.7165
670	0.6499
671	0.775
672	0.86
673	0.7746
674	0.8142
675	0.7868
676	0.896
677	0.8193
678	0.839
679	0.9804
680	0.9821
681	0.9396
682	1.0165
683	1.0115
684	0.6873
685	0.6084
686	0.57
687	0.5685
688	0.5662
689	0.614
690	0.6254
691	0.6729
692	0.7296
693	0.7554
694	0.8751
695	0.8361
696	0.7828
697	0.826
698	1.0019
699	1.1569
700	1.1583
701	1.3439
702	1.2904
703	1.0037
704	1.0545
705	0.8974
706	0.7594
707	0.8177
708	0.8906
709	0.9233
710	0.8103
711	0.7591
712	0.7494
713	0.6404
714	0.6013
715	0.6409
716	0.6373
717	0.6038
718	0.6112
719	0.6315
720	0.6043
721	0.6288
722	0.7344
723	0.7222
724	0.7329
725	0.8828
726	0.9261
727	1.328
728	1.8085
729	2.1651
730	1.598
731	1.7451
732	1.2475
733	1.0186
734	0.7082
735	0.5966
736	0.5711
737	0.556
738	0.5422
739	0.584
740	0.5769
741	0.7041
742	0.7603
743	0.8562
744	0.8099
745	0.8905
746	0.9554
747	0.8945
748	0.7667
749	0.7402
750	0.7855
751	0.7166
752	0.6505
753	0.7006
754	0.7502
755	0.6837
756	0.7039
757	0.8055
758	0.8267
759	0.8661
760	0.801
761	0.7492
762	0.7034
763	0.6336
764	0.604
765	0.5977
766	0.5743
767	0.7182
768	0.697
769	0.6553
770	0.66
771	0.6458
772	0.6374
773	0.7308
774	0.728
775	0.6739
776	0.6321
777	0.6122
778	0.5708
779	0.593
780	0.6818
781	0.7521
782	1.0284
783	1.2616
784	0.944
785	1.1918
786	1.0621
787	1.0946
788	0.9136
789	1.2441
790	1.5189
791	1.3861
792	1.5887
793	1.9259
794	1.5804
795	1.6055
796	1.1333
797	0.9545
798	0.7301
799	0.9377
800	1.0097
801	0.8152
802	0.8663
803	1.0729
804	1.2993
805	1.6136
806	1.3054
807	1.2261
808	1.0242
809	1.19
810	0.9913
811	0.8539
812	0.7616
813	0.8629
814	1.2727
815	1.5365
816	2.2875
817	2.9084
818	3.6589
819	3.6907
820	4.2914
821	4.1013
822	4.5345
823	5.1403
824	5.4085
825	3.828
826	3.0668
827	1.8817
828	1.9316
829	2.1219
830	1.8499
831	1.441
832	1.1791
833	1.1562
834	1.4707
835	1.9205
836	2.552
837	2.6211
838	2.2601
839	1.8121
840	1.477
841	1.2365
842	0.8915
843	0.7201
844	0.6148
845	0.6652
846	0.5903
847	0.543
848	0.5524
849	0.647
850	0.6506
851	0.6136
852	0.6182
853	0.576
854	0.6752
855	0.8292
856	0.5827
857	0.5739
858	0.5955
859	0.6533
860	0.8826
861	1.127
862	1.1967
863	0.9861
864	0.959
865	0.9623
866	0.9831
867	0.8577
868	0.7244
869	0.8183
870	0.9092
871	0.851
872	0.7375
873	0.8602
874	0.873
875	0.8388
876	0.7152
877	0.7498
878	0.5781
879	0.6389
880	0.5678
881	0.586
882	0.6294
883	0.5975
884	0.5899
885	0.614
886	0.7018
887	0.8154
888	0.7608
889	0.8461
890	0.9974
891	0.8927
892	0.8002
893	0.8622
894	0.9538
895	1.5989
896	2.9919
897	2.1273
898	1.8837
899	2.076
900	2.0462
901	2.1841
902	2.4925
903	2.5737
904	2.9263
905	2.721
906	2.3443
907	2.3455
908	2.23
909	1.8932
910	1.8065
911	1.6565
912	1.5694