#Cluster WAVELET_00003[points] WAVELET_00003[minatm] WAVELET_00003[maxatm] WAVELET_00003[minfrm] WAVELET_00003[maxfrm] WAVELET_00003[avgval]
       0                 23941                  2838                  2972                  6747                  7199               182.830
       1                 14723                  3833                  3983                 19791                 20132               182.830
       2                 13281                   951                  1151                     1                   196               107.984
       3                 13047                   199                   465                     1                   180               105.648
       4                 13039                  3376                  3619                  6751                  6991               153.741
       5                 12091                  1710                  1778                   316                   850               153.741
       6                 11628                  3637                  3752                 19815                 20131               182.830
       7                 11596                  4312                  4473                     1                   166               108.186
       8                 10756                     1                    80                     1                   231               107.543
       9                  9718                  3985                  4053                 19772                 20108               182.830
      10                  9677                  3289                  3345                 20554                 20990               182.830
      11                  9404                  2745                  2861                 33857                 34212               182.830
      12                  9044                  3336                  3392                 24436                 25257               182.830
      13                  8299                  3045                  3188                     1                   189               182.830
      14                  6517                   950                  1042                 44273                 44629               182.830
      15                  6429                  1625                  1741                     1                   169               104.689
      16                  6295                  1330                  1374                 22305                 22753               182.830
      17                  6017                  2757                  2803                 23563                 23934               182.830
      18                  5892                  1708                  1772                  1071                  1418               182.830
      19                  5790                   923                   965                 43851                 44468               182.830
      20                  5735                  2965                  3070                  6842                  6985               153.741
      21                  5543                  1278                  1370                  2385                  2702               182.830
      22                  5131                   934                   946                  5113                  5638               182.830
      23                  4443                  1846                  1897                     1                   165               108.711
      24                  4369                  3022                  3127                  6839                  7006               182.830
      25                  4349                   538                   601                  6649                  6896               182.830
      26                  4255                  3637                  3692                  6809                  7078               182.830
      27                  4050                  3457                  3478                 24013                 24510               182.830
      28                  3968                  1330                  1372                  6763                  7095               182.830
      29                  3936                  2763                  2803                 23433                 23709               153.741
      30                  3706                  2818                  2833                  6223                  6660               182.830
      31                  3697                   934                  1003                 15932                 16326               182.830
      32                  3667                  3618                  3694                 11472                 11709               129.280
      33                  3618                   737                   810                  6745                  6996               182.830
      34                  3425                  2993                  3127                  7003                  7134               182.830
      35                  3424                   933                   977                  9141                  9425               153.741
      36                  3381                   557                   662                 18485                 18670               182.830
      37                  3337                   934                   946                 34082                 34478               182.830
      38                  3266                   393                   417                  1847                  2186               182.830
      39                  3211                  1015                  1039                 49026                 49245               129.280
      40                  2889                   931                   982                 48130                 48437               153.741
      41                  2865                   934                   946                 26459                 26848               182.830
      42                  2856                  3350                  3429                     1                   181               182.830
      43                  2850                   400                   417                 47223                 47658               182.830
      44                  2753                  1190                  1225                  6823                  7047               182.830
      45                  2732                   938                   946                 29067                 29482               182.830
      46                  2594                  4080                  4134                 19810                 20043               182.830
      47                  2503                   763                   770                  8917                  9306               182.830
      48                  2448                   948                   986                    64                   322               153.741
      49                  2441                   735                   774                     1                   188               102.872
      50                  2390                  3296                  3350                     1                   161               182.830
      51                  2279                  4392                  4414                 10322                 10635               182.830
      52                  2262                  2843                  2852                 17093                 17396               182.830
      53                  2256                   403                   417                  7149                  7378               182.830
      54                  2256                   593                   650                 20974                 21133               129.280
      55                  2244                  3536                  3547                 20655                 20970               182.830
      56                  2205                   977                  1001                    53                   309               182.830
      57                  2170                  2818                  2846                  8376                  8633               153.741
      58                  2166                   908                   948                    54                   240               153.741
      59                  2165                  3585                  3593                 17029                 17368               182.830
      60                  2148                  1777                  1790                 29120                 29322               182.830
      61                  2094                  4134                  4145                 47346                 47639               182.830
      62                  2064                  1788                  1804                 15955                 16207               182.830
      63                  2046                   510                   562                 19330                 19518               108.711
      64                  2001                  2790                  2805                  6778                  7007               153.741
      65                  1953                  1721                  1778                   264                   419               182.830
      66                  1922                  1763                  1790                     1                   134                81.790
      67                  1813                  3326                  3374                 30218                 30402               153.741
      68                  1809                   821                   897                 14987                 15097               182.830
      69                  1796                  2595                  2640                     1                    94               108.692
      70                  1772                  3348                  3375                 30605                 30761               182.830
      71                  1711                  3486                  3525                 32400                 32569               182.830
      72                  1710                  3776                  3811                 19851                 20039               182.830
      73                  1669                  2843                  2852                 15739                 16009               182.830
      74                  1643                   934                   945                 11663                 11873                96.521
      75                  1633                   761                   770                 48924                 49162               182.830
      76                  1606                  1287                  1325                 13160                 13318               129.280
      77                  1582                   931                   991                  9095                  9246               182.830
      78                  1560                  4068                  4094                 23907                 24121               182.830
      79                  1539                  4079                  4111                 46899                 47047               182.830
      80                  1530                  3232                  3240                  1321                  1551               182.830
      81                  1513                   919                   945                 28469                 28695               108.711
      82                  1496                  1252                  1314                  6901                  7034               182.830
      83                  1462                  4482                  4494                  5912                  6102               182.830
      84                  1461                  1134                  1141                  6088                  6335               182.830
      85                  1440                  3684                  3689                   766                  1010               182.830
      86                  1440                   931                   974                  9248                  9379               182.830
      87                  1428                  3123                  3168                 20616                 20738               182.830
      88                  1393                   978                   991                 36784                 37021               182.830
      89                  1375                  2839                  2881                 19970                 20118               182.830
      90                  1360                  3307                  3317                 15044                 15243               153.741
      91                  1306                   563                   593                 20996                 21126               129.280
      92                  1300                   991                  1041                 28070                 28217               182.830
      93                  1296                  2372                  2383                     1                   164               182.830
      94                  1294                  4086                  4095                 27312                 27513               182.830
      95                  1289                  3955                  3982                 22754                 22923               182.830
      96                  1286                   401                   417                 13017                 13221               153.741
      97                  1265                  1752                  1761                 41435                 41644               182.830
      98                  1259                  3713                  3745                  6849                  7003               182.830
      99                  1256                  2758                  2796                   419                   526               105.530
     100                  1253                  1361                  1370                  8920                  9125               182.830
     101                  1229                  3968                  3982                 23003                 23177               182.830
     102                  1206                   737                   766                 44278                 44454               153.741
     103                  1201                  1777                  1790                 28983                 29119               182.830
     104                  1151                   409                   417                  4659                  4812               103.527
     105                  1114                  3639                  3648                 23686                 23843               108.711
     106                  1109                   934                   945                 30464                 30627               129.280
     107                  1107                  3063                  3135                 11497                 11577               129.280
     108                  1084                   407                   417                  3843                  3990               182.830
     109                  1083                  3536                  3546                 29196                 29375               182.830
     110                  1081                  3538                  3547                  2897                  3066               182.830
     111                  1080                  3950                  3962                 13709                 13855               153.741
     112                  1079                  2122                  2128                  2696                  2860               182.830
     113                  1072                   917                   944                  5821                  5990               153.741
     114                  1065                   940                   977                 49025                 49169               182.830
     115                  1059                  1681                  1701                 12154                 12287               153.741
     116                  1034                   401                   414                  2511                  2673               182.830
     117                  1028                   992                   999                 16898                 17056               129.280
     118                  1026                   725                   734                 48085                 48238               182.830
     119                  1016                  3413                  3475                  7025                  7148               182.830
     120                  1009                  2840                  2848                 24359                 24524                90.824
     121                  1006                   933                   946                 46436                 46596               182.830
     122                  1003                   896                   951                    52                   150               129.280
     123                   993                  1291                  1318                 36069                 36188               182.830
     124                   978                  1588                  1629                 12057                 12146               153.741
     125                   951                  4478                  4494                  5756                  5904               182.830
     126                   949                  2739                  2748                  8323                  8473               182.830
     127                   936                   665                   671                  3018                  3177               129.280
     128                   930                   933                   942                 37597                 37748               129.280
     129                   928                   665                   671                  2835                  2993               153.741
     130                   918                  1588                  1629                 12160                 12258               153.741
     131                   916                  3535                  3557                 16019                 16154               182.830
     132                   911                  1817                  1831                 16603                 16736               182.830
     133                   908                  3977                  3999                  4725                  4862               182.830
     134                   902                  4272                  4280                     1                   145               182.830
     135                   897                   949                  1003                 15769                 15877               182.830
     136                   892                  3300                  3335                 18439                 18545               129.280
     137                   874                  3053                  3062                 30068                 30206               182.830
     138                   866                  3697                  3733                 46909                 47031               182.830
     139                   865                   411                   417                 11654                 11790                93.474
     140                   861                  3098                  3131                 20003                 20107               182.830
     141                   838                  3354                  3363                 47229                 47364               182.830
     142                   832                   281                   291                   958                  1096               182.830
     143                   831                  3106                  3112                 14199                 14337               182.830
     144                   830                  1062                  1090                  2965                  3069               108.711
     145                   823                  3296                  3336                 49919                 50001               182.830
     146                   806                  3172                  3188                 18318                 18422               129.280
     147                   791                  1825                  1831                  2846                  2981               182.830
     148                   790                  2430                  2437                 19958                 20093               182.830
     149                   790                  3709                  3736                 49217                 49329               182.830
     150                   780                   974                  1007                 31739                 31838               129.280
     151                   779                  3305                  3313                  1229                  1349               108.711
     152                   777                  2970                  3018                 11496                 11586               129.280
     153                   762                  3716                  3742                 14285                 14408               153.741
     154                   761                  4395                  4401                 41559                 41684               182.830
     155                   753                  3233                  3240                 44965                 45086               182.830
     156                   750                   279                   289                  4717                  4834               182.830
     157                   749                  2760                  2789                   336                   418               107.814
     158                   741                   403                   417                  7395                  7497               182.830
     159                   727                  4475                  4497                 28518                 28631               182.830
     160                   724                  3535                  3543                 23764                 23882               153.741
     161                   720                  2695                  2701                 38125                 38248               182.830
     162                   718                   935                   946                 28326                 28444               108.711
     163                   715                  3172                  3188                 18200                 18277               129.280
     164                   703                  2690                  2698                 36637                 36743               129.280
     165                   699                   939                   946                 33032                 33146               129.280
     166                   694                  1305                  1325                 13126                 13229               153.741
     167                   693                   917                   948                 49927                 50001               182.830
     168                   691                   403                   417                  1753                  1846               182.830
     169                   686                   947                   983                 12503                 12574                81.577
     170                   679                    21                    42                  2963                  3056               108.711
     171                   678                   409                   417                  7787                  7903               153.741
     172                   673                  3535                  3546                 23902                 24001               129.280
     173                   672                  4061                  4089                 23804                 23915               153.741
     174                   666                  4068                  4076                 21938                 22042               108.711
     175                   661                  2186                  2194                     2                   110               153.741
     176                   659                  3686                  3691                 23395                 23507               153.741
     177                   654                  4061                  4131                 46795                 46862               153.741
     178                   652                  3468                  3534                  7009                  7082               153.741
     179                   644                   792                   818                 19328                 19416               108.711
     180                   642                  3302                  3335                 23820                 23919               108.711
     181                   641                  2690                  2698                 36469                 36579               182.830
     182                   641                  3714                  3752                 46896                 46990               153.741
     183                   637                  2377                  2383                 43911                 44015               153.741
     184                   634                   897                   917                  1808                  1891               104.182
     185                   623                  4199                  4217                 33876                 33977               182.830
     186                   621                   521                   537                 18543                 18639               182.830
     187                   614                  1342                  1348                  1608                  1708               129.280
     188                   612                  2778                  2798                 11348                 11443               153.741
     189                   609                  1292                  1312                 36260                 36333               182.830
     190                   600                  3486                  3507                 32311                 32400               153.741
     191                   600                   763                   770                 47213                 47316               153.741
     192                   599                  2183                  2193                 49861                 49954               182.830
     193                   592                  3625                  3631                     1                    92               182.830
     194                   592                   665                   671                 11434                 11536               153.741
     195                   586                   665                   671                 12646                 12747                91.415
     196                   585                  1000                  1036                 48250                 48323               153.741
     197                   584                  2970                  3005                 11592                 11674               129.280
     198                   584                  4479                  4495                 37862                 37958               182.830
     199                   582                  2839                  2852                  5227                  5316               108.711
     200                   575                   665                   671                  1463                  1562               182.830
     201                   569                  3736                  3747                 11495                 11590               129.280
     202                   568                  3486                  3509                 12403                 12489               182.830
     203                   560                  1786                  1806                 11722                 11812               153.741
     204                   551                  3457                  3477                 23921                 24018               182.830
     205                   548                  2970                  2982                 11333                 11425               153.741
     206                   548                  2745                  2763                 36986                 37072               182.830
     207                   546                   697                   705                 34852                 34948               182.830
     208                   545                  4373                  4401                     1                    69               129.280
     209                   544                   725                   734                 39226                 39315               129.280
     210                   539                  4068                  4076                 22048                 22138               108.711
     211                   529                  4395                  4401                 42557                 42648               182.830
     212                   525                   278                   291                 39091                 39163                97.365
     213                   524                  3048                  3097                 49931                 50001               182.830
     214                   522                  3125                  3161                 20486                 20563               182.830
     215                   519                  1652                  1711                 49959                 50001               104.945
     216                   516                  4395                  4401                 49713                 49799               153.741
     217                   513                  3300                  3320                 18334                 18417               108.711
     218                   512                   540                   553                 19860                 19948               182.830
     219                   512                  3338                  3375                 30468                 30529               153.741
     220                   507                  3346                  3374                 30017                 30098               153.741
     221                   502                  3906                  3915                 21598                 21685               182.830
     222                   501                  1046                  1113                 49955                 50001               108.711
     223                   500                   792                   819                 19421                 19494               108.711
     224                   499                  2422                  2453                 23577                 23657               182.830
     225                   497                   498                   514                 22491                 22572               129.280
     226                   495                   898                   949                     1                    51               129.280
     227                   492                  4070                  4076                 14725                 14810               129.280
     228                   478                  4483                  4497                 28382                 28460               153.741
     229                   475                  2774                  2799                 31992                 32069               182.830
     230                   474                   860                   866                 28489                 28568                76.870
     231                   470                  4389                  4401                 11845                 11915               105.914
     232                   467                  4484                  4497                 19420                 19500               182.830
     233                   467                  2372                  2383                 49933                 50001               182.830
     234                   456                  1349                  1370                  2419                  2497               182.830
     235                   454                   987                  1018                 27414                 27487               153.741
     236                   453                   916                   948                     1                    53               182.830
     237                   453                  4474                  4496                 40228                 40303               182.830
     238                   452                  3104                  3115                 37021                 37099               153.741
     239                   447                   407                   417                  3989                  4065               182.830
     240                   440                   964                  1019                 49964                 50001               108.475
     241                   431                   725                   734                 42670                 42745               182.830
     242                   430                   665                   671                  6410                  6485               129.280
     243                   430                  2969                  3012                  7013                  7083               153.741
     244                   428                  3064                  3111                  6765                  6827               182.830
     245                   428                  2695                  2701                 38048                 38122               182.830
     246                   426                  2874                  2886                 11333                 11407               153.741
     247                   424                   949                   976                 18908                 18968               129.280
     248                   424                   728                   734                 28033                 28107               182.830
     249                   422                  2842                  2852                 13603                 13676               182.830
     250                   412                  3686                  3691                 23297                 23369               153.741
     251                   409                  4395                  4401                 29404                 29476               153.741
     252                   408                  3300                  3321                 18367                 18438               129.280
     253                   408                  1024                  1033                 48547                 48617               108.711
     254                   406                   223                   230                 28535                 28606               182.830
     255                   402                  2690                  2698                 49008                 49078               129.280
     256                   401                  3311                  3317                 30468                 30531                76.870
     257                   396                   991                   998                 16808                 16878               153.741
     258                   393                   406                   417                  4074                  4140                80.571
     259                   388                  1027                  1033                 28276                 28344               108.042
     260                   387                  4395                  4401                 33040                 33108               153.741
     261                   382                  1524                  1533                 12058                 12124               153.741
     262                   374                  1134                  1151                 38449                 38513               153.741
     263                   371                    98                   106                 24475                 24540               129.280
     264                   370                  3717                  3732                 14221                 14285               153.741
     265                   370                  4395                  4415                 40607                 40667               129.280
     266                   370                  3357                  3363                 47425                 47490               153.741
     267                   368                  4395                  4401                 49542                 49606               182.830
     268                   368                    11                    66                 49974                 50001               108.711
     269                   362                  1681                  1698                   102                   169               129.280
     270                   360                  1406                  1417                     1                    55               129.280
     271                   357                  2871                  2886                 11217                 11279               153.741
     272                   355                  3065                  3117                 11610                 11662               129.280
     273                   354                   617                   622                 14479                 14541               153.741
     274                   354                  4172                  4178                 20038                 20100               129.280
     275                   341                   860                   866                 28428                 28488                77.937
     276                   338                  1992                  2027                     1                    54               153.741
     277                   331                   690                   735                     1                    51                91.728
     278                   327                  2122                  2128                  2603                  2661               182.830
     279                   327                  3173                  3187                 18472                 18524               129.280
     280                   326                  3232                  3240                 15670                 15732               129.280
     281                   326                  1002                  1018                 48114                 48169               153.741
     282                   325                  3685                  3690                 20143                 20200               182.830
     283                   324                  3486                  3505                 32404                 32457               153.741
     284                   323                   937                   946                 25026                 25083               182.830
     285                   321                   676                   708                 44228                 44277               182.830
     286                   320                  2122                  2128                  2867                  2923               182.830
     287                   315                  3065                  3097                 11354                 11405               153.741
     288                   315                  1000                  1018                 48169                 48220               153.741
     289                   311                  1751                  1777                   153                   207               182.830
     290                   307                   282                   291                  7515                  7569               153.741
     291                   305                  3346                  3374                 30167                 30218               153.741
     292                   303                   417                   441                  6822                  6873               182.830
     293                   302                  4395                  4400                 31829                 31881               182.830
     294                   300                  2760                  2785                   523                   575               108.711
     295                   296                  4395                  4400                 31691                 31743               182.830
     296                   292                  1262                  1270                    24                    76               153.741
     297                   289                   411                   417                  4398                  4449                76.870
     298                   288                   858                   866                  1446                  1493                76.870
     299                   287                   992                  1014                 39270                 39319               182.830
     300                   286                   665                   671                 11360                 11411               153.741
     301                   286                  3733                  3752                 46828                 46876               153.741
     302                   284                  3949                  3962                 13638                 13685               182.830
     303                   280                  1134                  1151                 38598                 38648               129.280
     304                   279                  2782                  2799                 12703                 12752               182.830
     305                   276                  3234                  3240                 16176                 16224               108.711
     306                   275                  4483                  4496                 25308                 25360               129.280
     307                   275                  3234                  3240                 45173                 45222               182.830
     308                   260                   951                   981                 48605                 48647               182.830
     309                   259                   409                   417                  4824                  4869               108.711
     310                   257                   947                   970                    83                   133               129.280
     311                   254                  2818                  2833                 10123                 10171                89.124
     312                   253                   996                  1020                 14464                 14508               182.830
     313                   249                  2782                  2799                 12758                 12802               182.830
     314                   247                   758                   772                 13737                 13780               182.830
     315                   246                   619                   648                 23752                 23791               129.280
     316                   243                  1823                  1831                 16835                 16878               182.830
     317                   243                   951                   977                 48561                 48601               182.830
     318                   242                   665                   671                 22044                 22086                76.870
     319                   232                   764                   770                 34517                 34557               108.711
     320                   230                   619                   649                 23716                 23754               129.280
     321                   228                  4012                  4038                 46929                 46968               153.741
     322                   227                  3716                  3724                 11050                 11089               153.741
     323                   221                  2842                  2852                 24538                 24576               153.741
