Res     3L_CDD
634	0.5349
635	0.4913
636	0.3932
637	0.3924
638	0.3832
639	0.4183
640	0.4494
641	0.4552
642	0.626
643	0.5973
644	0.497
645	0.4641
646	0.4758
647	0.4337
648	0.4427
649	0.4613
650	0.4794
651	0.5714
652	0.6061
653	0.5778
654	0.6465
655	0.5864
656	0.6243
657	0.5802
658	0.6408
659	0.5513
660	0.449
661	0.4686
662	0.4653
663	0.4358
664	0.4679
665	0.5616
666	0.6071
667	0.6462
668	0.7094
669	0.6585
670	0.5505
671	0.6375
672	0.6303
673	0.5518
674	0.5911
675	0.6292
676	0.545
677	0.5402
678	0.6649
679	0.7029
680	0.6846
681	0.5028
682	0.5052
683	0.5089
684	0.6624
685	0.7305
686	0.5845
687	0.5413
688	0.6932
689	0.7734
690	0.657
691	0.7142
692	0.7289
693	0.8091
694	0.7639
695	0.7665
696	0.8773
697	0.9123
698	0.8534
699	0.8662
700	0.7695
701	0.525
702	0.4636
703	0.4167
704	0.3853
705	0.4249
706	0.5369
707	0.5677
708	0.6006
709	0.6617
710	0.723
711	0.8913
712	0.8532
713	0.7657
714	0.8211
715	1.0173
716	1.1922
717	1.2235
718	1.4338
719	1.3832
720	1.0634
721	1.0734
722	0.9091
723	0.7546
724	0.8119
725	0.8834
726	0.9068
727	0.7899
728	0.7801
729	0.7815
730	0.597
731	0.5547
732	0.5803
733	0.538
734	0.4978
735	0.5207
736	0.5196
737	0.4723
738	0.4999
739	0.611
740	0.5984
741	0.5997
742	0.7532
743	0.858
744	1.3196
745	1.809
746	1.9986
747	1.3648
748	1.3997
749	1.0238
750	0.8998
751	0.6119
752	0.482
753	0.4623
754	0.4714
755	0.4658
756	0.533
757	0.5542
758	0.713
759	0.7358
760	0.8346
761	0.7896
762	0.9208
763	0.9609
764	0.8752
765	0.7601
766	0.7197
767	0.7387
768	0.6724
769	0.6036
770	0.6439
771	0.6899
772	0.6569
773	0.6826
774	0.7882
775	0.793
776	0.8399
777	0.7554
778	0.6931
779	0.686
780	0.6345
781	0.6255
782	0.6229
783	0.6499
784	0.832
785	0.8754
786	0.7674
787	0.7186
788	0.6765
789	0.705
790	0.7411
791	0.6843
792	0.6237
793	0.5987
794	0.5446
795	0.5072
796	0.514
797	0.5959
798	0.6755
799	0.9454
800	1.1941
801	0.9145
802	1.1303
803	1.023
804	1.0648
805	0.9025
806	1.4922
807	1.4915
808	1.6174
809	1.8619
810	2.0193
811	1.5641
812	1.5532
813	1.3256
814	0.9444
815	0.6554
816	0.7409
817	0.7984
818	0.6729
819	0.635
820	0.7266
821	1.0067
822	1.4174
823	1.1007
824	0.8941
825	0.8158
826	1.162
827	0.9777
828	0.9076
829	0.8083
830	0.8438
831	1.3265
832	1.7284
833	3.12
834	4.0759
835	4.9465
836	4.9107
837	5.7258
838	5.7392
839	6.2303
840	6.4706
841	6.048
842	4.4671
843	3.1221
844	2.0674
845	1.7793
846	2.0732
847	1.7871
848	1.1548
849	0.9983
850	0.862
851	1.0744
852	1.4884
853	2.1023
854	2.1056
855	1.673
856	1.2647
857	0.9866
858	0.9236
859	0.6742
860	0.6162
861	0.6496
862	0.6399
863	0.561
864	0.5888
865	0.5747
866	0.6038
867	0.6594
868	0.6949
869	0.6236
870	0.5497
871	0.6402
872	0.7592
873	0.579
874	0.5284
875	0.591
876	0.6426
877	0.7442
878	1.15
879	1.3394
880	0.9588
881	0.9962
882	0.9282
883	1.0022
884	0.855
885	0.6739
886	0.7905
887	0.8814
888	0.8184
889	0.7374
890	0.8167
891	0.7599
892	0.846
893	0.7568
894	0.7024
895	0.6043
896	0.6262
897	0.5731
898	0.5394
899	0.5641
900	0.5875
901	0.575
902	0.5492
903	0.651
904	0.7533
905	0.6653
906	0.7437
907	0.8655
908	0.7517
909	0.6772
910	0.7618
911	0.845
912	1.5199