#Res        AtomicFlx
   1.000       3.6787
   2.000       3.0345
   3.000       2.5682
   4.000       2.6223
   5.000       2.9172
   6.000       2.8009
   7.000       2.5750
   8.000       2.8826
   9.000       3.0876
  10.000       2.8398
  11.000       2.9282
  12.000       3.3369
  13.000       3.3270
  14.000       3.4718
  15.000       3.1483
  16.000       2.9827
  17.000       2.6578
  18.000       2.6937
  19.000       2.8868
  20.000       2.6338
  21.000       2.3877
  22.000       2.1241
  23.000       2.0241
  24.000       2.2821
  25.000       2.4934
  26.000       2.7030
  27.000       2.9651
  28.000       3.0379
  29.000       2.7937
  30.000       2.9161
  31.000       2.7089
  32.000       2.5222
  33.000       2.2118
  34.000       2.2264
  35.000       2.0583
  36.000       2.0846
  37.000       2.3317
  38.000       2.3612
  39.000       2.4772
  40.000       2.3755
  41.000       2.5539
  42.000       2.7103
  43.000       2.5518
  44.000       2.2354
  45.000       2.3603
  46.000       2.4493
  47.000       2.1575
  48.000       2.0528
  49.000       2.3661
  50.000       2.3544
  51.000       2.6445
  52.000       2.9572
  53.000       2.2517
  54.000       2.1719
  55.000       1.9014
  56.000       1.6933
  57.000       1.5817
  58.000       2.0628
  59.000       2.0367
  60.000       1.4392
  61.000       1.5700
  62.000       1.4678
  63.000       1.6915
  64.000       1.5771
  65.000       1.6368
  66.000       1.6940
  67.000       1.8216
  68.000       1.7786
  69.000       1.9597
  70.000       1.7387
  71.000       1.8186
  72.000       1.6923
  73.000       1.5336
  74.000       1.5154
  75.000       1.4653
  76.000       1.5125
  77.000       1.6582
  78.000       1.7283
  79.000       1.8847
  80.000       1.8148
  81.000       1.6098
  82.000       1.5959
  83.000       1.4752
  84.000       1.4254
  85.000       1.5188
  86.000       1.6360
  87.000       1.8509
  88.000       1.9592
  89.000       1.8122
  90.000       1.8015
  91.000       2.0344
  92.000       2.1156
  93.000       2.0423
  94.000       2.0361
  95.000       2.2810
  96.000       2.5374
  97.000       2.6650
  98.000       2.2594
  99.000       2.0483
 100.000       2.3769
 101.000       2.4336
 102.000       1.9878
 103.000       2.1672
 104.000       2.5558
 105.000       2.3541
 106.000       2.4707
 107.000       2.5693
 108.000       2.0126
 109.000       1.8658
 110.000       1.6077
 111.000       1.7120
 112.000       1.7802
 113.000       1.8370
 114.000       2.2230
 115.000       2.5499
 116.000       2.4134
 117.000       2.3740
 118.000       2.2840
 119.000       2.1232
 120.000       2.2842
 121.000       2.2941
 122.000       2.0664
 123.000       2.2246
 124.000       2.1606
 125.000       2.3846
 126.000       2.6873
 127.000       2.6624
 128.000       2.3531
 129.000       2.4755
 130.000       2.7057
 131.000       2.5755
 132.000       2.4061
 133.000       2.6632
 134.000       2.8794
 135.000       2.9547
 136.000       2.9627
 137.000       3.3041
 138.000       3.4758
 139.000       4.5765
 140.000       5.3373
 141.000       4.4723
 142.000       3.3634
 143.000       2.9748
 144.000       3.1842
 145.000       2.6284
 146.000       2.2873
 147.000       2.0286
 148.000       2.1514
 149.000       1.9396
 150.000       1.7957
 151.000       1.8634
 152.000       1.7696
 153.000       1.8119
 154.000       1.9995
 155.000       2.0444
 156.000       2.2024
 157.000       2.0251
 158.000       1.7112
 159.000       1.6076
 160.000       1.4151
 161.000       1.2561
 162.000       1.1997
 163.000       1.0796
 164.000       1.0588
 165.000       0.9508
 166.000       1.0161
 167.000       0.9985
 168.000       1.0677
 169.000       1.8784
 170.000       1.3551
 171.000       1.0893
 172.000       0.9247
 173.000       0.9697
 174.000       0.9862
 175.000       0.9893
 176.000       1.0119
 177.000       1.0881
 178.000       1.1731
 179.000       1.2189
 180.000       1.2699
 181.000       1.3588
 182.000       1.3124
 183.000       1.3609
 184.000       1.2583
 185.000       1.3498
 186.000       1.2352
 187.000       1.0798
 188.000       1.0775
 189.000       1.0078
 190.000       1.0607
 191.000       1.0527
 192.000       1.2048
 193.000       1.1632
 194.000       1.2117
 195.000       1.1422
 196.000       1.0141
 197.000       1.0389
 198.000       1.1154
 199.000       1.0742
 200.000       1.0502
 201.000       1.0686
 202.000       1.0635
 203.000       1.0290
 204.000       1.0867
 205.000       1.1915
 206.000       1.2242
 207.000       1.2483
 208.000       1.1065
 209.000       1.1720
 210.000       1.1289
 211.000       1.2117
 212.000       1.3183
 213.000       1.2686
 214.000       1.2030
 215.000       1.3899
 216.000       1.4570
 217.000       1.3379
 218.000       1.5011
 219.000       1.6265
 220.000       1.6944
 221.000       1.5109
 222.000       1.5485
 223.000       1.8536
 224.000       1.8331
 225.000       1.6648
 226.000       1.7707
 227.000       1.7138
 228.000       1.2959
 229.000       1.2322
 230.000       1.1356
 231.000       1.1109
 232.000       1.0463
 233.000       1.1175
 234.000       1.3180
 235.000       1.6881
 236.000       1.2302
 237.000       1.2827
 238.000       1.4983
 239.000       1.8005
 240.000       1.7665
 241.000       1.5720
 242.000       1.7220
 243.000       1.9651
 244.000       2.6125
 245.000       3.7384
 246.000       4.7072
 247.000       3.8293
 248.000       4.1280
 249.000       2.9996
 250.000       1.9281
 251.000       2.0044
 252.000       2.1060
 253.000       1.6355
 254.000       1.3296
 255.000       1.2966
 256.000       1.3502
 257.000       1.2330
 258.000       1.1725
 259.000       1.2723
 260.000       1.2360
 261.000       1.1265
 262.000       1.2202
 263.000       1.3421
 264.000       1.2584
 265.000       1.2410
 266.000       1.4495
 267.000       1.5370
 268.000       1.4394
 269.000       1.6283
 270.000       1.9311
 271.000       2.4582
 272.000       2.8904
 273.000       3.0425
 274.000       2.4674
 275.000       2.1685
 276.000       1.7729
 277.000       1.5575
 278.000       1.3581
 279.000       1.2066
 280.000       1.1095
 281.000       1.0412
 282.000       1.0316
 283.000       1.0367
 284.000       1.0766
 285.000       1.2010
 286.000       1.3439
 287.000       1.4718
 288.000       1.4674
 289.000       1.6970
 290.000       1.7184
 291.000       1.6646
 292.000       1.5802
 293.000       1.4839
 294.000       1.5112
 295.000       1.5246
 296.000       1.3657
 297.000       1.3680
 298.000       1.4925
 299.000       1.4380
 300.000       1.3482
 301.000       1.4783
 302.000       1.4158
 303.000       1.4486
 304.000       1.3319
 305.000       1.3108
 306.000       1.2764
 307.000       1.1129
 308.000       1.0588
 309.000       0.9542
 310.000       1.0614
 311.000       1.1526
 312.000       1.2146
 313.000       1.2061
 314.000       1.2896
 315.000       1.1642
 316.000       1.0294
 317.000       1.0586
 318.000       1.1771
 319.000       1.1233
 320.000       1.1248
 321.000       1.0541
 322.000       1.0531
 323.000       1.1151
 324.000       1.2904
 325.000       1.3280
 326.000       1.6089
 327.000       2.0035
 328.000       1.4569
 329.000       1.8891
 330.000       1.8883
 331.000       2.0834
 332.000       1.9423
 333.000       3.3275
 334.000       4.1976
 335.000       5.4202
 336.000       6.3729
 337.000       6.4623
 338.000       4.9361
 339.000       3.5775
 340.000       1.6675
 341.000       1.5563
 342.000       1.3093
 343.000       1.3214
 344.000       1.3363
 345.000       1.1712
 346.000       1.1200
 347.000       1.1030
 348.000       1.1682
 349.000       1.3361
 350.000       1.2247
 351.000       1.3103
 352.000       1.3538
 353.000       1.4970
 354.000       1.6265
 355.000       1.4291
 356.000       1.6966
 357.000       1.9519
 358.000       1.9868
 359.000       2.1266
 360.000       2.4723
 361.000       2.3421
 362.000       3.0113
 363.000       2.3093
 364.000       2.1998
 365.000       2.2646
 366.000       2.2436
 367.000       2.4746
 368.000       2.1839
 369.000       1.9690
 370.000       2.0369
 371.000       2.2493
 372.000       2.2037
 373.000       2.1732
 374.000       1.7382
 375.000       1.4925
 376.000       1.4074
 377.000       1.2921
 378.000       1.3973
 379.000       1.4523
 380.000       1.7614
 381.000       1.8484
 382.000       1.6412
 383.000       1.4766
 384.000       1.3197
 385.000       1.2889
 386.000       1.1343
 387.000       1.0440
 388.000       1.0047
 389.000       0.9786
 390.000       1.0033
 391.000       1.0036
 392.000       0.9424
 393.000       1.0316
 394.000       1.1551
 395.000       1.0308
 396.000       0.9496
 397.000       0.9024
 398.000       0.9772
 399.000       1.1755
 400.000       0.9368
 401.000       0.9211
 402.000       0.9084
 403.000       0.9283
 404.000       1.0174
 405.000       1.2489
 406.000       1.4189
 407.000       1.2098
 408.000       1.1750
 409.000       1.1637
 410.000       1.2706
 411.000       1.1864
 412.000       1.0385
 413.000       1.1631
 414.000       1.2379
 415.000       1.1129
 416.000       1.0782
 417.000       1.2068
 418.000       1.1167
 419.000       1.0462
 420.000       0.9433
 421.000       0.9555
 422.000       0.8920
 423.000       0.9394
 424.000       0.9363
 425.000       0.9634
 426.000       1.0327
 427.000       1.1351
 428.000       1.1460
 429.000       1.1497
 430.000       1.2917
 431.000       1.4205
 432.000       1.3434
 433.000       1.4716
 434.000       1.6053
 435.000       1.5012
 436.000       1.4450
 437.000       1.5430
 438.000       1.5752
 439.000       2.1060
 443.000       4.1221
 444.000       3.7247
 445.000       3.2631
 446.000       3.7548
 447.000       4.1275
 448.000       3.8406
 449.000       3.6161
 450.000       4.1541
 451.000       4.3085
 452.000       3.9318
 453.000       4.1472
 454.000       4.7125
 455.000       4.6117
 456.000       4.7764
 457.000       4.2507
 458.000       3.9212
 459.000       3.3465
 460.000       3.2528
 461.000       3.4480
 462.000       3.0634
 463.000       2.5923
 464.000       2.3856
 465.000       2.1137
 466.000       2.5444
 467.000       2.9190
 468.000       2.9880
 469.000       3.3307
 470.000       3.1619
 471.000       2.9300
 472.000       2.9118
 473.000       2.7723
 474.000       2.7085
 475.000       2.2314
 476.000       2.2003
 477.000       2.0382
 478.000       2.2687
 479.000       2.7515
 480.000       2.6967
 481.000       2.6661
 482.000       2.3604
 483.000       2.4796
 484.000       2.4862
 485.000       2.3856
 486.000       2.0512
 487.000       2.0481
 488.000       2.1391
 489.000       1.9373
 490.000       1.6819
 491.000       1.8953
 492.000       1.9435
 493.000       1.7416
 494.000       1.7898
 495.000       2.3090
 496.000       2.5162
 497.000       2.1616
 498.000       1.6587
 499.000       1.4756
 500.000       1.4365
 501.000       1.6064
 502.000       1.4656
 503.000       1.4714
 504.000       1.6314
 505.000       1.5457
 506.000       1.6884
 507.000       1.4967
 508.000       1.8044
 509.000       1.9391
 510.000       1.7748
 511.000       2.2600
 512.000       2.8167
 513.000       3.3289
 514.000       2.9270
 515.000       2.3855
 516.000       2.2200
 517.000       1.9619
 518.000       1.8301
 519.000       2.1513
 520.000       1.9377
 521.000       2.1347
 522.000       2.0663
 523.000       1.6866
 524.000       1.7157
 525.000       1.4835
 526.000       1.6625
 527.000       1.8594
 528.000       2.2446
 529.000       2.6799
 530.000       2.7817
 531.000       2.4358
 532.000       2.5741
 533.000       3.0432
 534.000       3.0717
 535.000       2.8323
 536.000       2.8936
 537.000       3.3784
 538.000       3.8447
 539.000       3.9219
 540.000       3.2529
 541.000       3.0960
 542.000       3.6448
 543.000       3.5724
 544.000       3.0440
 545.000       3.4318
 546.000       3.8164
 547.000       3.4401
 548.000       3.3348
 549.000       3.1100
 550.000       2.5798
 551.000       2.1068
 552.000       1.8542
 553.000       1.9987
 554.000       1.8556
 555.000       1.9735
 556.000       2.6431
 557.000       3.1147
 558.000       3.0593
 559.000       2.9028
 560.000       2.9958
 561.000       2.8770
 562.000       3.2423
 563.000       3.1363
 564.000       2.6302
 565.000       2.7178
 566.000       2.4504
 567.000       2.7396
 568.000       3.1691
 569.000       3.0988
 570.000       2.5268
 571.000       2.6280
 572.000       3.0385
 573.000       2.7564
 574.000       2.3020
 575.000       2.7074
 576.000       2.9693
 577.000       2.5192
 578.000       2.5037
 579.000       3.0488
 580.000       3.0874
 581.000       2.7261
 582.000       2.9508
 583.000       3.2862
 584.000       2.7574
 585.000       2.9883
 586.000       3.0181
 587.000       2.6703
 588.000       2.4256
 589.000       2.5018
 590.000       2.3717
 591.000       2.2038
 592.000       2.0120
 593.000       2.0598
 594.000       1.9322
 595.000       1.9405
 596.000       2.1903
 597.000       2.2187
 598.000       2.4040
 599.000       2.1868
 600.000       1.8368
 601.000       1.6795
 602.000       1.4964
 603.000       1.3146
 604.000       1.2211
 605.000       1.0687
 606.000       1.0153
 607.000       0.9253
 608.000       0.9286
 609.000       0.9150
 610.000       0.8633
 611.000       0.8835
 612.000       0.8904
 613.000       0.8957
 614.000       0.8685
 615.000       0.9310
 616.000       0.9689
 617.000       0.9631
 618.000       1.0056
 619.000       1.1011
 620.000       1.1840
 621.000       1.2216
 622.000       1.2945
 623.000       1.4053
 624.000       1.3813
 625.000       1.4437
 626.000       1.3099
 627.000       1.3861
 628.000       1.2274
 629.000       1.0699
 630.000       1.0398
 631.000       0.9646
 632.000       0.9807
 633.000       0.9644
 634.000       1.0911
 635.000       1.0692
 636.000       1.1120
 637.000       1.1273
 638.000       0.9746
 639.000       0.9731
 640.000       1.0447
 641.000       0.9801
 642.000       0.9679
 643.000       1.0419
 644.000       1.0580
 645.000       1.0215
 646.000       1.0681
 647.000       1.1867
 648.000       1.2041
 649.000       1.2198
 650.000       1.0601
 651.000       1.0988
 652.000       1.0687
 653.000       1.1562
 654.000       1.2142
 655.000       1.1918
 656.000       1.1603
 657.000       1.3579
 658.000       1.4281
 659.000       1.3193
 660.000       1.5244
 661.000       1.6230
 662.000       1.6748
 663.000       1.4832
 664.000       1.4824
 665.000       1.7100
 666.000       1.6953
 667.000       1.5464
 668.000       1.5911
 669.000       1.6025
 670.000       1.2520
 671.000       1.2626
 672.000       1.1330
 673.000       1.0544
 674.000       1.0380
 675.000       1.0649
 676.000       1.2378
 677.000       1.3213
 678.000       1.9344
 679.000       2.2717
 680.000       2.1591
 681.000       2.1019
 682.000       1.7845
 683.000       2.2645
 684.000       2.6615
 685.000       3.3703
 686.000       3.0773
 687.000       3.1913
 688.000       3.1665
 689.000       2.6001
 690.000       2.3794
 691.000       2.1074
 692.000       1.7692
 693.000       1.9029
 694.000       2.0272
 695.000       2.2467
 696.000       1.8587
 697.000       1.8082
 698.000       1.6377
 699.000       1.3957
 700.000       1.3540
 701.000       1.3863
 702.000       1.2890
 703.000       1.1969
 704.000       1.2817
 705.000       1.3533
 706.000       1.2261
 707.000       1.2536
 708.000       1.4770
 709.000       1.4679
 710.000       1.3801
 711.000       1.5979
 712.000       1.8831
 713.000       2.3717
 714.000       2.8873
 715.000       3.0450
 716.000       2.4433
 717.000       2.2159
 718.000       1.8326
 719.000       1.6574
 720.000       1.4138
 721.000       1.2655
 722.000       1.1737
 723.000       1.1208
 724.000       1.0901
 725.000       1.0767
 726.000       1.1665
 727.000       1.2870
 728.000       1.3781
 729.000       1.5963
 730.000       1.7518
 731.000       2.1776
 732.000       2.1984
 733.000       2.1851
 734.000       1.8631
 735.000       1.6631
 736.000       1.8502
 737.000       1.7428
 738.000       1.4875
 739.000       1.5617
 740.000       1.7173
 741.000       1.5618
 742.000       1.4630
 743.000       1.6814
 744.000       1.6399
 745.000       1.6621
 746.000       1.3882
 747.000       1.3313
 748.000       1.2759
 749.000       1.1793
 750.000       1.1809
 751.000       1.0558
 752.000       1.1432
 753.000       1.2873
 754.000       1.2317
 755.000       1.1839
 756.000       1.1954
 757.000       1.1292
 758.000       1.1563
 759.000       1.1508
 760.000       1.1845
 761.000       1.1459
 762.000       1.1717
 763.000       1.1313
 764.000       1.2176
 765.000       1.2402
 766.000       1.3737
 767.000       1.3693
 768.000       1.5636
 769.000       1.6532
 770.000       1.4597
 771.000       1.7097
 772.000       1.6019
 773.000       1.6487
 774.000       1.5551
 775.000       2.2932
 776.000       2.7067
 777.000       3.5256
 778.000       3.4004
 779.000       3.8646
 780.000       3.1727
 781.000       3.0042
 782.000       1.5493
 783.000       1.3816
 784.000       1.1756
 785.000       1.2042
 786.000       1.2032
 787.000       1.0762
 788.000       1.0972
 789.000       1.1271
 790.000       1.2584
 791.000       1.4670
 792.000       1.3065
 793.000       1.3533
 794.000       1.2996
 795.000       1.5174
 796.000       1.4009
 797.000       1.3146
 798.000       1.2527
 799.000       1.2704
 800.000       1.5083
 801.000       1.6353
 802.000       1.8828
 803.000       1.5849
 804.000       2.0658
 805.000       2.1415
 806.000       2.7273
 807.000       2.6680
 808.000       3.4757
 809.000       4.2567
 810.000       4.3795
 811.000       3.9260
 812.000       4.0086
 813.000       3.9715
 814.000       3.7744
 815.000       1.8999
 816.000       1.7331
 817.000       1.5488
 818.000       1.3732
 819.000       1.3405
 820.000       1.5439
 821.000       1.7070
 822.000       2.0741
 823.000       2.1539
 824.000       1.9844
 825.000       1.7422
 826.000       1.5216
 827.000       1.3320
 828.000       1.1232
 829.000       1.0791
 830.000       1.0222
 831.000       0.9790
 832.000       0.9839
 833.000       0.9770
 834.000       0.9140
 835.000       0.9679
 836.000       1.0425
 837.000       0.9725
 838.000       0.9838
 839.000       0.9186
 840.000       0.9682
 841.000       1.0879
 842.000       0.8970
 843.000       0.8708
 844.000       0.8685
 845.000       0.9206
 846.000       0.9409
 847.000       0.9984
 848.000       1.1167
 849.000       1.0764
 850.000       1.1324
 851.000       1.1382
 852.000       1.1579
 853.000       1.0736
 854.000       0.9860
 855.000       1.0699
 856.000       1.0767
 857.000       0.9926
 858.000       0.9702
 859.000       1.0599
 860.000       0.9918
 861.000       0.9750
 862.000       0.9648
 863.000       0.9905
 864.000       0.9497
 865.000       1.0410
 866.000       1.0382
 867.000       1.0140
 868.000       1.0975
 869.000       1.2443
 870.000       1.2242
 871.000       1.2004
 872.000       1.3588
 873.000       1.5041
 874.000       1.4347
 875.000       1.5593
 876.000       1.7173
 877.000       1.6235
 878.000       1.5448
 879.000       1.6493
 880.000       1.6789
 881.000       2.1167
 885.000       3.7405
 886.000       0.9048
