#Cluster WAVELET_00006[points] WAVELET_00006[minatm] WAVELET_00006[maxatm] WAVELET_00006[minfrm] WAVELET_00006[maxfrm] WAVELET_00006[avgval]
       0                595964                  2190                  4495                 43564                 43975               101.312
       1                362700                     1                  1397                 43580                 43975               101.749
       2                163229                  1419                  2053                 43584                 43987               101.548
       3                142437                  1930                  2736                 40656                 41040               153.741
       4                108403                  2990                  3793                 23296                 23541                91.339
       5                 98126                  3007                  3481                 40675                 41012               153.741
       6                 95157                     1                  1183                     1                   121               182.830
       7                 79147                     1                   508                 42082                 42406               182.830
       8                 67085                  3033                  3459                 44495                 44781               153.741
       9                 65625                  2215                  2679                 40669                 41144               182.830
      10                 64777                  2215                  2701                 44515                 44794               153.741
      11                 64278                  2272                  2605                 42203                 42592                69.365
      12                 54410                  2282                  2631                 41984                 42432               182.830
      13                 48947                   877                  1192                 42046                 42362               182.830
      14                 47997                  1138                  1395                 40707                 41018               153.741
      15                 46286                  3041                  3443                 15216                 15440               129.280
      16                 45945                  4095                  4383                 42072                 42409               182.830
      17                 45867                  2275                  2585                 23281                 23544                91.635
      18                 43820                  2216                  2679                 44390                 44595               182.830
      19                 43533                  3020                  3411                 42209                 42537                63.640
      20                 39016                  3034                  3445                 40906                 41124               182.830
      21                 37405                  1848                  2106                 40698                 41140               182.830
      22                 35022                  4035                  4259                 40729                 41007               153.741
      23                 34696                  4009                  4495                     1                   128               182.830
      24                 33736                  1817                  2106                 44527                 44806               153.741
      25                 30791                  4110                  4383                 42314                 42572               153.741
      26                 30418                     1                   494                 42266                 42428               153.741
      27                 29706                  1813                  2011                 42042                 42410               182.830
      28                 29425                  3961                  4254                 23317                 23512                91.415
      29                 27184                   877                  1175                 42260                 42571               153.741
      30                 26892                  1912                  2102                 23281                 23545                91.464
      31                 26698                   877                  1148                 42387                 42617               129.280
      32                 24891                  3043                  3394                 44409                 44599               182.830
      33                 23978                  1066                  1305                 44511                 44777               153.741
      34                 23115                  1130                  1347                 23314                 23521                91.415
      35                 21400                  1848                  2056                 44387                 44590               182.830
      36                 19805                  3334                  3622                 40453                 40619               108.711
      37                 19685                  4098                  4258                 44509                 44774               153.741
      38                 19379                  1902                  2057                 42211                 42511                63.044
      39                 18445                  1813                  1986                 42265                 42580               153.741
      40                 18189                    83                   393                 42452                 42557               153.741
      41                 17676                  1095                  1305                 40741                 41094               182.830
      42                 17498                  3513                  3636                 40743                 41006               153.741
      43                 17388                   713                   843                 42140                 42391               182.830
      44                 17262                  3639                  3945                     1                   102               182.830
      45                 16782                  2686                  2978                     1                   119               182.830
      46                 16707                   869                  1148                 42351                 42519               108.711
      47                 16048                  2325                  2563                     1                   144               182.830
      48                 15996                  1609                  1754                 42113                 42366               182.830
      49                 15585                  3043                  3200                 41985                 42261               182.830
      50                 11554                  1625                  1761                 44514                 44786               153.741
      51                 10870                  2444                  2563                 40667                 40884               182.830
      52                 10552                  2449                  2675                 43416                 43545                94.637
      53                 10217                  3018                  3185                 12285                 12487               129.280
      54                 10041                  3731                  3801                 42140                 42402               182.830
      55                  9761                  2434                  2522                 15230                 15404               129.280
      56                  9597                  3731                  3793                 40722                 41015               153.741
      57                  9465                  2398                  2623                 42333                 42575               153.741
      58                  8820                  1791                  2007                 43420                 43531                96.584
      59                  8583                  4113                  4258                 40911                 41100               182.830
      60                  8469                  3264                  3339                 15906                 16070               182.830
      61                  8206                  4279                  4352                 40751                 41015               153.741
      62                  8068                  2448                  2599                 44666                 44820               182.830
      63                  7835                  1813                  1987                     1                   102               182.830
      64                  7706                    12                   106                 42448                 42595               129.280
      65                  7608                  3005                  3153                     1                   144               182.830
      66                  7382                  1896                  2056                 44623                 44814               182.830
      67                  7229                  2565                  2675                 48362                 48600               182.830
      68                  7200                  2803                  2888                 42140                 42282               182.830
      69                  7122                  2833                  2901                 40740                 41005               153.741
      70                  6837                   654                   843                 42295                 42410               153.741
      71                  6812                   311                   475                 42322                 42481               108.711
      72                  6641                  1847                  1907                 40676                 40981               153.741
      73                  6431                  1950                  2021                 15260                 15408               129.280
      74                  6402                  4281                  4334                 44510                 44776               153.741
      75                  6378                  1778                  1913                 48382                 48541               182.830
      76                  6342                   373                   475                 42429                 42579               129.280
      77                  6302                    82                   195                 40782                 40993               153.741
      78                  6043                  3254                  3343                 12426                 12580               153.741
      79                  6004                  1619                  1737                 42283                 42438               153.741
      80                  5935                  3241                  3339                 42362                 42506                72.346
      81                  5705                  2425                  2519                 12244                 12518               153.741
      82                  5564                     1                   106                 42382                 42475               108.711
      83                  5510                  3062                  3155                 15906                 16063               182.830
      84                  5439                   107                   195                 23346                 23474                91.415
      85                  5325                  2256                  2371                 44645                 44807               182.830
      86                  5315                  3252                  3343                 12243                 12385               153.741
      87                  4924                  1602                  1705                     1                   104               182.830
      88                  4691                  1762                  1807                 40445                 40625               108.711
      89                  4651                  3250                  3390                 12334                 12485               129.280
      90                  4510                  2422                  2619                 43394                 43432                51.101
      91                  4483                  1724                  1763                 12278                 12521               129.280
      92                  4436                  1486                  1528                 40732                 41004               153.741
      93                  4357                  3043                  3156                 12239                 12382               153.741
      94                  4315                  3040                  3186                 12424                 12539               153.741
      95                  4241                  2692                  2765                 42109                 42305               182.830
      96                  4224                  3735                  3768                 44509                 44742               153.741
      97                  4172                  1092                  1205                 44453                 44582               182.830
      98                  4145                  2321                  2387                 12294                 12479               129.280
      99                  4136                  3666                  3697                 40755                 41002               153.741
     100                  4029                  1559                  1600                 44544                 44784               153.741
     101                  3812                  4421                  4467                 42141                 42406               182.830
     102                  3790                  1884                  2036                 43394                 43435                51.111
     103                  3783                  1558                  1583                 42110                 42375               182.830
     104                  3782                  1266                  1347                 40484                 40586               108.711
     105                  3731                  1810                  1930                 41668                 41747               182.830
     106                  3685                   671                   826                 42320                 42446               108.711
     107                  3618                  2075                  2098                 43618                 43860               106.115
     108                  3502                  2416                  2498                 12321                 12479               129.280
     109                  3455                  3261                  3354                 12328                 12467               108.711
     110                  3453                  1760                  1847                 42121                 42240               108.711
     111                  3317                  2143                  2168                 43629                 43889               103.006
     112                  3245                  3731                  3819                 42453                 42529               153.741
     113                  3210                  3268                  3293                 40699                 40892               182.830
     114                  3198                  1562                  1591                 40744                 41087               182.830
     115                  3176                    51                   132                 44620                 44730               153.741
     116                  2992                   712                   843                 42453                 42521               153.741
     117                  2954                  2256                  2385                 43395                 43431                49.873
     118                  2914                  2855                  2901                 23338                 23508                91.415
     119                  2886                  4287                  4334                 40923                 41109               182.830
     120                  2799                  3549                  3610                 44544                 44694               153.741
     121                  2655                  1558                  1600                 40761                 40906               153.741
     122                  2630                  3966                  3999                 40459                 40610               108.711
     123                  2576                  1545                  1581                     1                   110               182.830
     124                  2530                  2214                  2259                 40466                 40610               108.711
     125                  2412                  1441                  1461                 40785                 40984               153.741
     126                  2361                  2833                  2898                 42307                 42409                65.290
     127                  2334                  3266                  3293                 42121                 42234               182.830
     128                  2316                  1225                  1289                 44472                 44590               182.830
     129                  2180                  1791                  1829                 12323                 12492               108.711
     130                  2158                   726                   808                 42453                 42545               129.280
     131                  2139                  1711                  1759                 42141                 42243               153.741
     132                  2100                  2837                  2884                 44524                 44713               153.741
     133                  2073                  4421                  4490                 42453                 42552               153.741
     134                  2037                  3139                  3153                 40698                 40882               182.830
     135                  2004                  4440                  4492                 42320                 42406               108.711
     136                  1982                  1692                  1761                 44620                 44761               129.280
     137                  1961                  2792                  2905                 42454                 42506                82.107
     138                  1883                  1642                  1677                 44429                 44572               182.830
     139                  1854                  4125                  4191                 44457                 44548               182.830
     140                  1847                  2649                  2663                 42116                 42297               182.830
     141                  1840                  2446                  2464                 15907                 16064               182.830
     142                  1836                  1562                  1600                 44439                 44571               182.830
     143                  1830                  3206                  3261                 40474                 40582               108.711
     144                  1782                  3049                  3115                 12456                 12563               182.830
     145                  1771                  1644                  1664                 40919                 41077               182.830
     146                  1765                  4222                  4254                 44437                 44549               182.830
     147                  1736                     1                    40                 42453                 42562               153.741
     148                  1722                  1815                  1855                 44619                 44740               129.280
     149                  1709                  3276                  3332                 12214                 12323               182.830
     150                  1708                  1764                  1780                 42442                 42621               108.711
     151                  1678                  3135                  3153                 12488                 12628               182.830
     152                  1666                  2585                  2629                 41665                 41766               182.830
     153                  1659                  2344                  2383                 12453                 12582               182.830
     154                  1655                  1147                  1205                 42237                 42359                55.027
     155                  1653                  3731                  3802                 42364                 42410               153.741
     156                  1600                  4302                  4334                 40710                 40853               182.830
     157                  1592                  4224                  4254                 40714                 40845               182.830
     158                  1592                  1083                  1109                 42450                 42574               153.741
     159                  1586                  4295                  4330                 44428                 44569               182.830
     160                  1579                   677                   687                 42188                 42364               182.830
     161                  1527                  2281                  2339                 43419                 43516                91.415
     162                  1526                  1681                  1703                 42439                 42587               129.280
     163                  1516                  1726                  1759                 12333                 12466               108.711
     164                  1475                  4076                  4156                 42453                 42513                77.393
     165                  1451                  2142                  2168                 40963                 41078               182.830
     166                  1441                  3095                  3200                 43394                 43436                48.780
     167                  1422                  2701                  2732                 44620                 44740               153.741
     168                  1409                  2143                  2168                 44469                 44590               182.830
     169                  1385                  2076                  2104                 44450                 44572               182.830
     170                  1372                    61                   132                 44523                 44600               153.741
     171                  1371                  2436                  2608                 43359                 43368                45.707
     172                  1365                   459                   508                 42453                 42533               153.741
     173                  1334                  2923                  2961                 23382                 23468                91.415
     174                  1328                  1698                  1731                 44461                 44572               182.830
     175                  1297                  3243                  3334                 43395                 43425                47.761
     176                  1284                  1706                  1728                 40766                 40879               153.741
     177                  1265                  1886                  2036                 43359                 43368                45.707
     178                  1254                  4145                  4189                 42275                 42372                56.537
     179                  1251                  1994                  2009                 12277                 12416               153.741
     180                  1246                  2083                  2104                 44639                 44757               182.830
     181                  1223                  1227                  1286                 42307                 42343                54.356
     182                  1209                  3088                  3113                 40723                 40844               182.830
     183                  1205                  4226                  4254                 42269                 42386                58.008
     184                  1197                  1998                  2007                 40678                 40824               182.830
     185                  1189                  3985                  4001                 40816                 40936               153.741
     186                  1182                  3273                  3293                 41990                 42122               153.741
     187                  1171                  3366                  3403                 42453                 42524                76.870
     188                  1158                  2701                  2732                 40939                 41090               182.830
     189                  1148                  1625                  1681                 42439                 42541               153.741
     190                  1144                  2278                  2349                 43179                 43242               108.711
     191                  1136                  1504                  1524                 44620                 44720               153.741
     192                  1134                  1562                  1579                 42436                 42557               153.741
     193                  1123                  2485                  2584                 43195                 43242               108.711
     194                  1121                  2143                  2168                 44620                 44697               153.741
     195                  1119                  4440                  4471                 42323                 42410               153.741
     196                  1115                  2595                  2606                 40467                 40611               108.711
     197                  1113                  1227                  1286                 42238                 42281                54.324
     198                  1105                  2306                  2318                 12405                 12559               182.830
     199                  1089                  1627                  1647                 42453                 42544               129.280
     200                  1084                  3272                  3293                     1                   106               182.830
     201                  1082                    82                   128                 40921                 41022               182.830
     202                  1078                  2445                  2464                 12486                 12596               182.830
     203                  1064                  3735                  3766                 40976                 41057               182.830
     204                  1018                  2611                  2628                     1                    98               182.830
     205                   978                  2322                  2398                 42487                 42570               129.280
     206                   954                  2366                  2377                 15908                 16025               182.830
     207                   946                  1644                  1662                 40756                 40893               182.830
     208                   943                  2272                  2385                 43359                 43367                45.707
     209                   924                  2057                  2106                 44515                 44600               153.741
     210                   909                  2306                  2321                 12332                 12449               108.711
     211                   908                  2178                  2212                 40489                 40582               108.711
     212                   891                  1644                  1677                 40790                 40898               153.741
     213                   884                  2803                  2865                 42363                 42409               153.741
     214                   881                  2723                  2732                 40726                 40850               182.830
     215                   873                  1066                  1111                 44638                 44739               129.280
     216                   864                  1559                  1579                 42340                 42437               153.741
     217                   862                  1558                  1600                 40919                 40995               153.741
     218                   859                  1276                  1285                 15301                 15403               129.280
     219                   859                  2347                  2377                 15310                 15402               129.280
     220                   836                  3667                  3714                 42454                 42503                77.392
     221                   832                   423                   437                 42454                 42546               153.741
     222                   823                  1488                  1508                     1                    67               182.830
     223                   815                  2143                  2168                 44641                 44738               182.830
     224                   785                  2701                  2732                 42286                 42401                60.960
     225                   784                  2649                  2663                 42297                 42410               182.830
     226                   770                  1998                  2007                 15907                 16009               182.830
     227                   761                  3322                  3332                 42007                 42106               153.741
     228                   761                  2803                  2878                 42308                 42344               182.830
     229                   737                  3155                  3186                 12298                 12400               153.741
     230                   733                  2924                  2946                 40831                 40934               153.741
     231                   719                  1784                  1792                 12332                 12453               129.280
     232                   715                  1680                  1702                 42388                 42493               108.711
     233                   699                  1998                  2007                 43139                 43242               182.830
     234                   698                  2701                  2732                 44523                 44600               153.741
     235                   688                  2701                  2732                 44467                 44555               182.830
     236                   685                  4167                  4178                 40748                 40842               182.830
     237                   665                  3160                  3167                 40486                 40588               108.711
     238                   664                  1748                  1759                 12451                 12555               182.830
     239                   663                  3364                  3390                 12283                 12363               153.741
     240                   659                  3322                  3332                 42159                 42241               182.830
     241                   654                  3680                  3691                 44568                 44674               153.741
     242                   643                  1507                  1524                 40962                 41047               182.830
     243                   643                  3365                  3390                 42363                 42410                71.697
     244                   641                  1995                  2007                 12428                 12522               153.741
     245                   624                  2084                  2102                 42303                 42343                54.356
     246                   611                  1228                  1285                 44651                 44715               182.830
     247                   607                  2398                  2427                 42362                 42410               153.741
     248                   606                  2692                  2718                 42320                 42406               182.830
     249                   606                  1079                  1132                 43493                 43531               108.454
     250                   602                  2349                  2381                 12253                 12336               182.830
     251                   595                  2591                  2629                 42453                 42519               182.830
     252                   587                  2219                  2231                 44688                 44779               182.830
     253                   572                  1994                  2013                 12392                 12474               129.280
     254                   570                  3288                  3326                 44657                 44738               182.830
     255                   550                  3348                  3375                 12439                 12517               153.741
     256                   542                   258                   292                 42346                 42422               108.711
     257                   537                  2342                  2385                 12451                 12494               153.741
     258                   535                  1508                  1524                 44498                 44571               182.830
     259                   533                  1760                  1809                 42046                 42091               129.280
     260                   529                  3170                  3188                 44724                 44803               182.830
     261                   525                  3145                  3153                 12205                 12290               182.830
     262                   514                   673                   689                 42454                 42501               153.741
     263                   500                  4408                  4465                 43502                 43531               108.711
     264                   495                  3411                  3474                 42237                 42281                54.356
     265                   494                  2849                  2888                 12332                 12384               129.280
     266                   490                  1083                  1105                 41684                 41746               182.830
     267                   489                  2716                  2753                 42453                 42500                96.536
     268                   489                  2813                  2865                 42454                 42515               153.741
     269                   488                  3243                  3321                 43359                 43367                45.707
     270                   480                  1706                  1723                 40939                 41015               182.830
     271                   480                  2083                  2102                 42237                 42281                53.779
     272                   479                  3272                  3301                 12516                 12596               182.830
     273                   475                  3365                  3373                 15906                 15980               182.830
     274                   473                  2519                  2543                 43167                 43242               182.830
     275                   469                  2523                  2536                 12333                 12407               108.711
     276                   467                  1731                  1759                 42026                 42090               153.741
     277                   467                  3410                  3473                 42307                 42343                54.356
     278                   467                  2282                  2318                 43165                 43238               182.830
     279                   466                  2308                  2318                 12274                 12353               182.830
     280                   461                  2716                  2765                 42366                 42414               108.711
     281                   456                  4226                  4235                 42396                 42460                79.199
     282                   456                  3130                  3198                 43359                 43368                45.707
     283                   454                  1911                  1925                 42416                 42473               108.711
     284                   452                  2489                  2498                 43158                 43232               182.830
     285                   442                  3318                  3332                 42453                 42508                76.870
     286                   440                  3434                  3443                 42453                 42513                76.870
     287                   432                  2487                  2494                 15907                 15975               182.830
     288                   432                  3731                  3766                 42453                 42499                77.173
     289                   424                  2651                  2661                 42458                 42532               153.741
     290                   422                   602                   632                 42361                 42406               108.711
     291                   421                  1898                  1966                 43224                 43242                19.218
     292                   419                  3468                  3473                 15329                 15402               129.280
     293                   416                  2401                  2433                 42306                 42363               182.830
     294                   411                  1165                  1194                 42454                 42494                76.941
     295                   405                  1785                  1793                 44638                 44706               129.280
     296                   403                  3322                  3332                 42121                 42192               153.741
     297                   401                  3176                  3182                 15906                 15970               182.830
     298                   399                  3598                  3610                 42454                 42507                76.870
     299                   386                  2718                  2744                 42362                 42415               153.741
     300                   383                  2849                  2888                 12426                 12474               129.280
     301                   379                  4382                  4392                 42343                 42406               108.711
     302                   375                    82                   106                 40828                 40887               182.830
     303                   371                  1709                  1728                 40922                 40989               153.741
     304                   363                  4307                  4314                 43443                 43509                91.415
     305                   359                   181                   195                 44620                 44678               153.741
     306                   348                  2143                  2168                 44563                 44600               153.741
     307                   338                   601                   619                 42359                 42409               153.741
     308                   330                  1786                  1809                 42027                 42084               153.741
     309                   328                  2869                  2900                 40971                 41026               182.830
     310                   323                  1813                  1822                 42141                 42191               153.741
     311                   321                  2354                  2365                 42484                 42546               153.741
     312                   312                  2545                  2591                 43222                 43242                19.218
     313                   308                  3139                  3153                 41992                 42050               153.741
     314                   308                   967                  1001                 42095                 42118               182.830
     315                   301                  2847                  2898                 42258                 42282                54.356
     316                   301                  4270                  4309                 42454                 42493                91.415
     317                   296                  2528                  2536                 12408                 12466               108.711
     318                   296                    91                   126                 44517                 44563               182.830
     319                   291                  4429                  4435                 48458                 48506               182.830
     320                   288                  2649                  2663                 42439                 42490                83.183
     321                   283                  1155                  1175                 42349                 42405               182.830
     322                   281                  1911                  1924                 42468                 42516               129.280
     323                   276                  2718                  2753                 42306                 42344               182.830
     324                   269                  1504                  1524                 44563                 44600               153.741
     325                   260                  2149                  2157                 23398                 23443                91.415
     326                   257                  3324                  3332                 12513                 12560               182.830
     327                   252                  3851                  3872                 42368                 42409               153.741
     328                   250                  4345                  4361                 42454                 42494               182.830
     329                   239                  2086                  2102                 23325                 23364                91.415
     330                   236                    35                    41                 12423                 12464               108.711
     331                   229                  3248                  3276                 44735                 44775               182.830
     332                   227                  4300                  4334                 43512                 43531               108.483
     333                   222                  2651                  2661                 43395                 43423                51.044
