Res	    CDD	  
634	  	1.107	
635	  	0.9936
636	  	0.8211
637	  	0.7449
638	  	0.6796
639	  	0.6768
640	  	0.6954
641	  	0.7132
642	  	0.8318
643	  	1.0138
644	  	0.9703
645	  	0.8662
646	  	0.8311
647	  	0.9363
648	  	1.0435
649	  	1.005	
650	  	1.0733
651	  	1.2851
652	  	1.3178
653	  	1.2838
654	  	1.4482
655	  	1.3099
656	    1.3764
657	    1.1924
658	  	1.2275
659	  	1.0368
660	  	0.866	
661	  	0.7961
662	  	0.7345
663	    0.776	
664	  	0.8355
665	  	1.0075
666	  	1.0293
667	  	1.1207
668	  	1.1674
669	  	0.9945
670	  	0.9585
671	  	1.1131
672	  	1.0846
673	    1.0346
674	  	1.0797
675	  	1.216	
676	  	1.2079
677	  	1.1823
678	  	1.2462
679	  	1.2186
680	  	1.1883
681	  	0.9978
682	  	1.0264
683	    1.0074
684	  	0.9683
685	  	1.0095
686	  	0.9899
687	    0.9143
688	  	1.0914
689	  	1.1386
690	    1.0274
691	  	1.2335
692	  	1.3779
693	    1.377	
694	  	1.1999
695	  	1.2371
696	  	1.4941
697	  	1.4827
698	  	1.3186
699	  	1.4043
700	  	1.3003
701	  	0.9973
702	  	0.9683
703	  	0.824	
704	  	0.7146
705	  	0.6945
706	  	0.8453
707	  	0.8661
708	  	0.8471
709	  	0.9597
710	  	1.1912
711	    1.5649
712	  	1.8005
713	    1.4982
714	  	1.4321
715	  	1.6327
716	  	1.2477
717	  	1.3069
718	  	1.8738
719	  	1.7289
720	  	1.2459
721	  	1.3513
722	  	1.8041
723	  	1.525	
724	  	1.7331
725	  	1.7809
726	  	1.6379
727	  	1.2471
728	  	1.2254
729	  	1.2462
730	  	1.011	
731	  	0.9462
732	  	1.0442
733	  	0.9854
734	  	0.8489
735	  	0.936	
736	  	1.0168
737	  	0.9069
738	  	0.9017
739	  	1.1357
740	  	1.1852
741	  	1.0666
742	  	1.218	
743	    1.4601
744	  	2.0927
745	  	2.7192
746	  	2.704	
747	  	1.9916
748	  	1.8862
749	  	1.5145
750	  	1.2686
751	  	1.049	
752	  	0.8927
753	  	0.7765
754	  	0.6918
755	  	0.64	
756	  	0.6503
757	    0.7314
758	  	0.8899
759	  	0.9533
760	  	1.1421
761	  	1.2063
762	  	1.4378
763	  	1.431	
764	  	1.4676
765	  	1.3044
766	  	1.1613
767	  	1.2646
768	  	1.2844
769	  	1.09	
770	  	1.1083
771	  	1.2791
772	  	1.183	
773	  	1.0666
774	  	1.264	
775	  	1.1973
776	  	1.2054
777	  	0.9508
778	  	0.8617
779	  	0.7975
780	    0.7633
781	  	0.813	
782	  	0.8513
783	  	0.9937
784	    1.1315
785	  	1.0702
786	  	1.0163
787	  	1.073	
788	  	0.9806
789	  	0.9852
790	  	0.8829
791	  	0.8069
792	  	0.7296
793	  	0.7201
794	  	0.6804
795	    0.7464
796	  	0.7911
797	  	0.9654
798	  	1.025	
799	  	1.334	
800	    1.819	
801	  	1.1368
802	  	1.5146
803	  	1.4379
804	  	1.4176
805	  	1.1871
806	  	1.7805
807	  	1.9814
808	  	2.1815
809	  	2.3383
810	  	2.2677
811	  	1.7185
812	  	1.4001
813	  	1.2556
814	  	1.3046
815	  	1.2043
816	  	1.3606
817	  	1.3742
818	  	1.2205
819	  	1.3168
820	  	1.4398
821	  	1.6397
822	    1.8716
823	  	1.6499
824	    1.6035
825	  	1.4422
826	  	1.6477
827	  	1.4574
828	    1.3404
829	  	1.1763
830	  	1.2298
831	    1.421	
832	  	1.6529
833	  	2.602	
834	  	2.9382
835	  	4.2185
836	  	5.2391
837	  	5.4885
838	  	6.8094
839	  	6.4319
840	  	6.9576
841	  	6.0872
842	  	4.5112
843	  	3.4131
844	  	3.0008
845	  	2.5804
846	  	2.4885
847	  	2.3406
848	  	1.8285
849	  	1.478	
850	  	1.5128
851	  	1.8187
852	  	2.1971
853	  	2.8041
854	  	2.67	
855	    2.4814
856	  	2.1334
857	  	1.8324
858	  	1.5946
859	  	1.231	
860	    1.1762
861	  	1.0443
862	  	1.063	
863	  	1.1265
864	  	1.0349
865	  	0.9297
866	  	1.0731
867	  	1.0468
868	  	0.9439
869	  	1.0012
870	  	1.074	
871	  	1.2929
872	  	1.3894
873	  	1.4054
874	  	1.4459
875	  	1.5625
876	  	1.4342
877	    1.1009
878	  	1.3353
879	  	1.2846
880	  	1.1126
881	  	1.1295
882	  	1.1869
883	  	1.1896
884	    0.9876
885	  	0.9044
886	  	1.0408
887	  	1.0287
888	  	0.908	
889	  	0.9749
890	    1.0506
891	  	0.9785
892	  	0.9399
893	  	0.769	
894	  	0.7783
895	  	0.8347
896	  	0.9233
897	    0.7755
898	  	0.7322
899	  	0.9062
900	  	0.9605
901	  	0.8758
902	  	0.9133
903	  	1.1228
904	  	1.2104
905	  	1.1387
906	  	1.3489
907	  	1.4633
908	  	1.3522
909	  	1.3229
910	  	1.5192
911	  	1.6056
912	    2.016	
