#Cluster WAVELET_00006[points] WAVELET_00006[minatm] WAVELET_00006[maxatm] WAVELET_00006[minfrm] WAVELET_00006[maxfrm] WAVELET_00006[avgval]
       0                954624                     1                  1699                 35626                 36438               182.830
       1                676819                  3368                  4495                 35615                 36435               182.830
       2                656858                  1811                  4495                 15144                 15502                90.927
       3                487082                     1                  1262                 34352                 34866                98.556
       4                470251                  3423                  4495                 34349                 34880                98.463
       5                406778                  3378                  4495                 39116                 39720               182.830
       6                390515                     1                  1037                 39126                 39706               182.830
       7                378100                  3378                  4495                 37779                 38215               182.830
       8                318516                     1                  1046                 37812                 38205               182.830
       9                221858                     1                   977                 37337                 37675               182.830
      10                212651                  2554                  3059                 35748                 36423               182.830
      11                186227                  2554                  3042                 34351                 34871                97.557
      12                183603                  2923                  3789                 45434                 45852               153.741
      13                177373                  3380                  4495                 37613                 37898               153.741
      14                175519                  2606                  3131                 39124                 39678               182.830
      15                168036                     1                  1041                 37601                 37927               153.741
      16                166100                  2596                  3133                 37786                 38206               182.830
      17                154271                  3378                  4314                 39432                 39716               153.741
      18                127190                  2014                  2296                 35690                 36404               182.830
      19                115875                  1288                  1698                 34364                 34841                98.708
      20                112352                  1278                  1645                 39175                 39691               182.830
      21                110215                  2041                  2518                 37796                 38225               182.830
      22                109249                  2625                  3121                 37346                 37672               182.830
      23                107969                  3984                  4495                 37342                 37673               182.830
      24                105089                  2041                  2445                 39163                 39688               182.830
      25                104180                  3547                  3984                 37343                 37675               182.830
      26                 97512                  1290                  1697                 37823                 38180               182.830
      27                 97240                  2029                  2443                 34368                 34838                96.523
      28                 81124                  2609                  3127                 37606                 37887               153.741
      29                 77325                  3319                  3789                 44289                 44628               153.741
      30                 67184                  2046                  2445                 37359                 37676               182.830
      31                 66614                    42                   380                 15200                 15492                89.085
      32                 66489                  3809                  4203                 44290                 44638               153.741
      33                 63242                  1572                  1929                 45528                 45822               153.741
      34                 60142                  3319                  3706                 45803                 46154               182.830
      35                 60035                  2606                  3130                 39483                 39710               153.741
      36                 59982                  1081                  1391                 15155                 15473                92.547
      37                 59564                   421                   841                 15224                 15492                87.774
      38                 58898                  1321                  1640                 37342                 37657               182.830
      39                 56254                     1                   892                 35258                 35358                76.777
      40                 56046                  3611                  4495                 35230                 35361                76.753
      41                 50628                  1826                  1993                 35803                 36390               182.830
      42                 47009                  2043                  2502                 37612                 37927               153.741
      43                 46656                  2921                  3295                 44268                 44630               153.741
      44                 46432                  2920                  3886                 44346                 44602               129.280
      45                 45429                  1290                  1641                 37580                 37889               153.741
      46                 43963                  3319                  3643                 45094                 45338               182.830
      47                 43741                  3948                  4189                 45428                 45842               153.741
      48                 41778                  2281                  2753                 15761                 16002               182.830
      49                 35741                  1623                  1928                 45189                 45329               182.830
      50                 34812                   459                   726                 39454                 39715               153.741
      51                 34251                  1578                  1932                 44296                 44561               153.741
      52                 34132                  1068                  1252                 37807                 38167               182.830
      53                 32736                  1097                  1256                 39153                 39660               182.830
      54                 32604                   374                   670                 44337                 44592               153.741
      55                 31558                  2386                  2518                 35810                 36394               182.830
      56                 30049                  1262                  1641                 39394                 39651               153.741
      57                 29958                  3113                  3274                 35701                 36463               182.830
      58                 29024                   947                  1153                 45528                 45762               153.741
      59                 23091                  1642                  1928                 45990                 46174               182.830
      60                 21534                  3948                  4156                 45793                 46115               182.830
      61                 21154                   868                  1160                 44314                 44557               153.741
      62                 19915                    12                   222                 44350                 44584               153.741
      63                 18945                  3114                  3308                 45160                 45330               182.830
      64                 18431                   887                  1146                 45185                 45329               182.830
      65                 17696                  3037                  3220                 15761                 15979               182.830
      66                 17676                  2422                  2663                 15029                 15229               182.830
      67                 16127                  1290                  1598                 35262                 35361                76.283
      68                 16032                    52                   248                 39465                 39697               153.741
      69                 15229                  1138                  1262                 39411                 39677               153.741
      70                 14009                  1865                  2034                 15046                 15237               182.830
      71                 13712                  3340                  3469                 15761                 15995               182.830
      72                 13682                  1868                  2028                 15761                 15956               182.830
      73                 13638                  3168                  3271                 37727                 38147               182.830
      74                 13504                  3114                  3304                 45808                 46154               182.830
      75                 13193                  3424                  3547                 37392                 37660               182.830
      76                 12890                  1679                  1897                 44234                 44425               182.830
      77                 11859                   726                   913                 39477                 39658               153.741
      78                 11520                  3168                  3278                 39368                 39692               153.741
      79                 11223                  1109                  1239                 37586                 37870               153.741
      80                 11031                  2422                  2509                 45519                 45789               153.741
      81                 10517                    20                   106                 45529                 45762               153.741
      82                  9644                  4207                  4377                 15761                 15914               182.830
      83                  9363                   722                   845                 44356                 44557               153.741
      84                  9257                  1086                  1262                 35261                 35364                76.176
      85                  9244                  1286                  1581                 35592                 35686               182.830
      86                  9119                  3948                  4013                 45118                 45330               182.830
      87                  8811                  2259                  2736                 15555                 15632               182.830
      88                  8767                  2305                  2445                 39498                 39674               153.741
      89                  8748                  2991                  3082                 45159                 45329               182.830
      90                  8387                  4034                  4156                 45139                 45330               182.830
      91                  8249                   879                  1147                 45525                 45593                76.870
      92                  6958                  3944                  4131                 44393                 44515               129.280
      93                  6805                  1101                  1262                 35587                 35686               182.830
      94                  6788                  2467                  2518                 39178                 39517               182.830
      95                  6641                  2133                  2291                 39493                 39663               153.741
      96                  6548                  2990                  3080                 45829                 46131               182.830
      97                  6333                  2422                  2516                 44334                 44574               153.741
      98                  5965                  3234                  3274                 39136                 39451               182.830
      99                  5898                    16                   106                 45190                 45328               182.830
     100                  5723                  1133                  1237                 37404                 37626               182.830
     101                  5704                  1910                  1987                 34387                 34744               101.773
     102                  5691                  1654                  1902                 45489                 45599                76.870
     103                  5635                  1868                  1889                 34369                 34827                98.803
     104                  5394                  3946                  4189                 45465                 45575                76.870
     105                  5276                  2868                  2900                 45522                 45792               153.741
     106                  4573                   884                   947                 45540                 45761               153.741
     107                  4263                   897                  1062                 44423                 44523               129.280
     108                  4153                  2467                  2518                 39430                 39674               153.741
     109                  3967                  1005                  1037                 37398                 37642               182.830
     110                  3859                  2214                  2255                 45527                 45777               153.741
     111                  3820                  3220                  3295                 15762                 15909               182.830
     112                  3755                  1486                  1524                 15244                 15451                90.505
     113                  3531                  1868                  2057                 15567                 15627               182.830
     114                  3522                  2422                  2509                 44368                 44520               129.280
     115                  3279                  3300                  3336                 37866                 38093               182.830
     116                  3244                  2741                  2862                 38601                 38657                64.640
     117                  3242                     1                   108                 45528                 45592                76.870
     118                  3220                  1042                  1128                 46017                 46107               182.830
     119                  3211                  2250                  2363                 15087                 15234               182.830
     120                  3147                  4117                  4192                 15761                 15863               182.830
     121                  3140                  1561                  1579                 15229                 15451                90.189
     122                  2887                  1438                  1461                 15249                 15451                90.400
     123                  2866                   875                  1057                 44343                 44425               129.280
     124                  2824                  2109                  2208                 35261                 35338                76.870
     125                  2654                  2438                  2475                 45169                 45328               182.830
     126                  2567                   373                   470                 45528                 45599                76.870
     127                  2535                  1852                  1895                 39361                 39643               182.830
     128                  2488                  3586                  3706                 45464                 45561                76.870
     129                  2453                  2589                  2604                 45531                 45762               153.741
     130                  2406                   391                   416                 45528                 45761               153.741
     131                  2390                  3666                  3706                 45150                 45330               182.830
     132                  2386                  3376                  3627                 45382                 45434               153.741
     133                  2324                     1                    21                 15240                 15451                88.249
     134                  2305                  2337                  2361                 36006                 36294               182.830
     135                  2131                  2928                  3009                 35260                 35337                76.870
     136                  2084                   391                   416                 45190                 45329               182.830
     137                  2083                  3533                  3609                 15762                 15878               182.830
     138                  2058                  2469                  2484                 34566                 34809                91.415
     139                  1997                   600                   678                 44388                 44511               129.280
     140                  1956                  3200                  3238                 34585                 34747                91.415
     141                  1922                  3726                  3760                 45818                 45993               182.830
     142                  1814                  4152                  4205                 44383                 44516               129.280
     143                  1804                  2554                  2573                 37834                 38106               182.830
     144                  1794                  2852                  2921                 44399                 44511               129.280
     145                  1735                  2852                  2901                 44444                 44568               153.741
     146                  1723                  1916                  1987                 35599                 35686               182.830
     147                  1658                  3168                  3214                 39295                 39471               182.830
     148                  1562                  3344                  3477                 15162                 15235               129.280
     149                  1473                  2405                  2541                 15148                 15209               129.280
     150                  1473                  3075                  3220                 15568                 15604               182.830
     151                  1369                     4                    71                 44423                 44519               129.280
     152                  1357                  1652                  1759                 44423                 44505               129.280
     153                  1339                  4114                  4193                 15567                 15604               182.830
     154                  1331                  2872                  2884                 45190                 45324               182.830
     155                  1318                  2577                  2615                 44421                 44541               153.741
     156                  1296                  3383                  3392                 37405                 37598               182.830
     157                  1271                  3738                  3785                 45180                 45299               182.830
     158                  1263                  4156                  4191                 15118                 15215               182.830
     159                  1260                  3200                  3238                 34456                 34550               107.860
     160                  1260                  2788                  2831                 35261                 35330                76.870
     161                  1253                  2609                  2644                 35261                 35338                76.870
     162                  1246                  2638                  2693                 38607                 38657                64.640
     163                  1244                  1863                  1895                 37888                 38062               182.830
     164                  1234                  3026                  3143                 15166                 15217               129.280
     165                  1209                  4408                  4434                 15762                 15900               182.830
     166                  1202                  3216                  3274                 39559                 39701               129.280
     167                  1196                  1711                  1859                 45466                 45489                76.870
     168                  1173                  2512                  2518                 34575                 34760                91.415
     169                  1171                  2589                  2604                 45190                 45328               182.830
     170                  1170                  3484                  3508                 35248                 35329                76.870
     171                  1098                  2870                  2900                 44330                 44443               153.741
     172                  1078                  1563                  1654                 45528                 45580                76.870
     173                  1073                  1227                  1305                 15554                 15605               182.830
     174                  1069                  1069                  1076                 39365                 39531               182.830
     175                  1067                  3147                  3153                 34435                 34603               108.662
     176                  1030                  2554                  2559                 39348                 39523               182.830
     177                   966                  4279                  4350                 15567                 15604               182.830
     178                   963                   713                   786                 45528                 45589                76.870
     179                   949                  2936                  2946                 45825                 45959               182.830
     180                   948                  3333                  3441                 15569                 15603               182.830
     181                   938                  1753                  1805                 45875                 45942               182.830
     182                   915                  3220                  3268                 44247                 44343               182.830
     183                   882                  3082                  3128                 34667                 34750                91.415
     184                   879                  2512                  2518                 34418                 34553               108.613
     185                   879                   282                   319                 39531                 39634               153.741
     186                   876                  2214                  2255                 44446                 44544               153.741
     187                   875                  1586                  1640                 37623                 37685               153.741
     188                   872                  1647                  1660                 15313                 15417                90.848
     189                   868                  2073                  2086                 44401                 44516               129.280
     190                   865                   185                   233                 44419                 44514               129.280
     191                   858                  1127                  1205                 15567                 15604               182.830
     192                   857                  4207                  4258                 15567                 15604               182.830
     193                   844                  1668                  1689                 39357                 39478               182.830
     194                   833                  2577                  2615                 44316                 44420               153.741
     195                   833                   743                   769                 45190                 45291               182.830
     196                   825                  1744                  1783                 44472                 44575               182.830
     197                   804                  2470                  2484                 34441                 34545               108.453
     198                   782                  1955                  1987                 39374                 39483               153.741
     199                   780                   996                  1120                 45466                 45475                76.870
     200                   765                  4061                  4074                 15778                 15895               182.830
     201                   759                  4300                  4333                 15118                 15205               182.830
     202                   750                  4224                  4254                 15141                 15201               182.830
     203                   745                  1127                  1190                 15136                 15217               182.830
     204                   744                  3120                  3144                 45835                 45946               182.830
     205                   729                  3244                  3318                 45499                 45575                76.870
     206                   724                  2850                  2884                 15762                 15852               182.830
     207                   719                  3118                  3190                 15145                 15190               182.830
     208                   717                  2589                  2604                 46017                 46111               182.830
     209                   711                  2327                  2361                 34462                 34533               107.130
     210                   692                  1937                  1986                 35261                 35325                77.228
     211                   679                  2060                  2080                 35262                 35327                76.780
     212                   663                  1732                  1776                 45266                 45329                91.415
     213                   655                  1623                  1729                 45466                 45475               153.741
     214                   636                  3515                  3560                 44283                 44340               182.830
     215                   633                  4421                  4453                 45528                 45594                76.870
     216                   619                  2994                  3082                 45465                 45493               153.741
     217                   600                  4066                  4074                 44278                 44374               182.830
     218                   599                  1207                  1256                 39527                 39615               182.830
     219                   591                   373                   418                 44438                 44510               129.280
     220                   575                  3201                  3286                 45465                 45475               153.741
     221                   571                  3320                  3339                 34704                 34786                91.415
     222                   544                  3342                  3379                 15140                 15207               153.741
     223                   541                   816                   876                 35649                 35687               182.830
     224                   539                  2937                  2946                 45189                 45277               182.830
     225                   530                     3                    85                 45466                 45475                76.870
     226                   506                   721                   760                 44420                 44494               129.280
     227                   488                   930                   977                 37629                 37691               153.741
     228                   485                  3349                  3361                 44267                 44346               182.830
     229                   466                  2329                  2385                 15167                 15217               129.280
     230                   465                  1761                  1806                 45943                 45981               182.830
     231                   463                  2213                  2254                 45527                 45575                76.870
     232                   462                  1836                  1841                 34653                 34730                91.415
     233                   462                  1009                  1037                 37621                 37693               153.741
     234                   460                  3082                  3128                 34762                 34805                91.415
     235                   444                  1953                  1960                 44442                 44519               153.741
     236                   437                  1819                  1834                 46034                 46110               108.711
     237                   434                  2236                  2248                 44409                 44485               129.280
     238                   433                  3114                  3173                 45465                 45476               153.741
     239                   432                  1761                  1835                 45114                 45139               182.830
     240                   431                  3380                  3445                 45114                 45122               182.830
     241                   430                  1228                  1280                 15147                 15211               182.830
     242                   422                  1579                  1600                 45206                 45278               182.830
     243                   412                  1778                  1837                 45383                 45420               153.741
     244                   410                  2219                  2250                 15186                 15248               182.830
     245                   408                  3239                  3280                 15576                 15603               182.830
     246                   402                  2180                  2192                 44470                 44541               153.741
     247                   396                  1743                  1783                 45782                 45830               153.741
     248                   387                  1068                  1108                 37827                 37882               153.741
     249                   385                  3391                  3436                 44288                 44326               182.830
     250                   370                  1649                  1660                 15246                 15312                91.415
     251                   370                  2904                  2917                 38607                 38657                64.640
     252                   355                  3143                  3194                 15160                 15196               129.280
     253                   354                  4272                  4309                 38622                 38657                64.951
     254                   354                  1656                  1708                 44367                 44406               129.280
     255                   353                  3208                  3238                 34398                 34450               108.711
     256                   352                  3368                  3373                 34515                 34577               108.416
     257                   351                  3740                  3766                 15779                 15831               182.830
     258                   344                  3214                  3238                 34753                 34812                91.415
     259                   343                  3965                  4005                 45384                 45415               153.741
     260                   338                   883                   941                 45466                 45475                76.870
     261                   333                  1874                  1883                 35262                 35310                76.870
     262                   332                  1132                  1169                 34351                 34408               129.280
     263                   326                  2589                  2606                 45527                 45572                76.870
     264                   325                  1820                  1841                 44450                 44510               129.280
     265                   322                  2214                  2245                 45224                 45278               182.830
     266                   320                  2086                  2098                 15145                 15204               182.830
     267                   320                  2050                  2080                 37625                 37684               153.741
     268                   317                  3231                  3286                 45385                 45410               153.741
     269                   314                   266                   290                 34350                 34398               129.280
     270                   313                  3834                  3861                 39641                 39689               182.830
     271                   302                  1955                  1987                 39517                 39569               153.741
     272                   297                  1615                  1640                 35264                 35310                76.870
     273                   296                  2512                  2518                 35261                 35310                76.870
     274                   293                  2085                  2102                 15567                 15604               182.830
     275                   291                  2688                  2699                 39617                 39667               182.830
     276                   283                  1707                  1731                 15340                 15387                91.004
     277                   277                  2554                  2559                 39535                 39584               153.741
     278                   274                  1899                  1934                 45528                 45564                76.870
     279                   272                  3047                  3060                 45528                 45571                76.870
     280                   270                  1835                  1841                 34593                 34641                91.415
     281                   270                  1966                  1986                 35643                 35686               108.711
     282                   267                  2554                  2573                 34479                 34527               108.711
     283                   267                  1833                  1841                 34486                 34524               108.711
     284                   263                   946                   987                 45466                 45475                76.870
     285                   257                  3733                  3765                 45520                 45557                76.870
     286                   257                   799                   833                 45527                 45563                76.870
     287                   254                  2686                  2699                 15167                 15211               182.830
     288                   252                  1884                  1912                 45466                 45475               153.741
     289                   247                  2875                  2884                 46016                 46056               182.830
     290                   245                   946                   981                 44375                 44406               153.741
     291                   244                  3872                  3903                 45521                 45561                76.870
     292                   243                  1648                  1660                 15414                 15451                90.218
     293                   243                  2233                  2246                 45854                 45896               182.830
     294                   225                  2932                  2963                 45527                 45556                76.870
     295                   221                  3667                  3691                 45463                 45497               153.741
