Res     CDD
634	1.0684
635	1.0499
636	0.9715
637	0.9768
638	0.9681
639	0.9999
640	1.0406
641	1.0344
642	1.1102
643	1.1298
644	1.0958
645	1.0598
646	1.0637
647	1.0387
648	1.0584
649	1.0627
650	1.0676
651	1.1663
652	1.2287
653	1.1952
654	1.2386
655	1.1583
656	1.1867
657	1.1466
658	1.2177
659	1.1587
660	1.0361
661	1.0474
662	1.0431
663	1.0703
664	1.1134
665	1.2454
666	1.2856
667	1.342
668	1.5116
669	1.404
670	1.3465
671	1.3551
672	1.2335
673	1.3009
674	1.3848
675	1.3154
676	1.24
677	1.2501
678	1.5776
679	2.0668
680	1.61
681	1.1764
682	1.2313
683	1.1579
684	1.2316
685	1.3691
686	1.2375
687	1.1861
688	1.2934
689	1.3828
690	1.2784
691	1.4875
692	1.5613
693	1.5441
694	1.3969
695	1.4689
696	1.7127
697	1.6562
698	1.6192
699	1.7987
700	1.9111
701	1.1732
702	1.0389
703	1.0085
704	0.9842
705	1.0565
706	1.1844
707	1.1819
708	1.2027
709	1.2693
710	1.358
711	1.5482
712	1.5824
713	1.4279
714	1.4656
715	1.6316
716	1.8263
717	1.8961
718	2.1824
719	2.144
720	1.7143
721	1.7759
722	1.5355
723	1.3765
724	1.4997
725	1.5607
726	1.6697
727	1.5452
728	1.4285
729	1.3467
730	1.2125
731	1.1604
732	1.1739
733	1.1805
734	1.13
735	1.1345
736	1.1688
737	1.1261
738	1.1465
739	1.2526
740	1.2878
741	1.2238
742	1.444
743	1.6855
744	2.2969
745	2.7992
746	2.9791
747	2.1377
748	2.0374
749	1.5192
750	1.3501
751	1.1681
752	1.0588
753	1.0409
754	1.0567
755	1.0418
756	1.1117
757	1.1293
758	1.271
759	1.3149
760	1.4504
761	1.4421
762	1.488
763	1.5457
764	1.5083
765	1.3766
766	1.3212
767	1.372
768	1.3207
769	1.217
770	1.2581
771	1.3293
772	1.2816
773	1.2727
774	1.3757
775	1.3878
776	1.3932
777	1.2771
778	1.2528
779	1.2354
780	1.1919
781	1.2218
782	1.176
783	1.2036
784	1.3551
785	1.2878
786	1.2427
787	1.2054
788	1.2112
789	1.2952
790	1.2887
791	1.2213
792	1.1686
793	1.1403
794	1.1127
795	1.0809
796	1.0948
797	1.1944
798	1.2593
799	1.5064
800	1.8159
801	1.4374
802	1.944
803	2.302
804	2.5264
805	1.9268
806	3.1202
807	3.5428
808	3.8422
809	4.8108
810	4.4897
811	4.1088
812	3.0919
813	1.6861
814	1.4771
815	1.2128
816	1.3843
817	1.5085
818	1.2876
819	1.24
820	1.4225
821	1.8469
822	1.9254
823	1.5654
824	1.601
825	1.5101
826	1.8094
827	1.54
828	1.4221
829	1.3186
830	1.4164
831	1.5969
832	1.7784
833	3.338
834	3.8183
835	4.4831
836	6.1249
837	6.1785
838	7.0141
839	7.5376
840	7.2308
841	5.3759
842	4.6016
843	3.2074
844	2.725
845	2.6167
846	2.5347
847	2.3449
848	1.8633
849	1.6498
850	1.4872
851	1.7225
852	1.9253
853	2.4188
854	2.5116
855	2.2622
856	1.9649
857	1.7281
858	1.6338
859	1.3349
860	1.3189
861	1.3513
862	1.3221
863	1.1519
864	1.2058
865	1.2785
866	1.2661
867	1.2378
868	1.2402
869	1.281
870	1.2254
871	1.3171
872	1.4263
873	1.2987
874	1.2226
875	1.2323
876	1.4043
877	1.474
878	2.5978
879	2.8372
880	2.2187
881	2.135
882	2.0741
883	2.5498
884	2.3951
885	1.6505
886	1.6465
887	1.7796
888	1.7071
889	1.523
890	1.4686
891	1.3653
892	1.2703
893	1.1838
894	1.2076
895	1.1472
896	1.2113
897	1.154
898	1.0999
899	1.1465
900	1.2108
901	1.1634
902	1.1177
903	1.2452
904	1.3219
905	1.2025
906	1.2539
907	1.3206
908	1.2286
909	1.1795
910	1.2608
911	1.3779
912	2.07