#Cluster WAVELET_00006[points] WAVELET_00006[minatm] WAVELET_00006[maxatm] WAVELET_00006[minfrm] WAVELET_00006[maxfrm] WAVELET_00006[avgval]
       0               3678659                     1                  3202                 47167                 48501               182.830
       1               1428308                  3291                  4495                 47199                 48501               182.830
       2                848675                  1697                  3202                 38259                 39212               182.830
       3                770308                  1581                  3200                 45403                 46128               182.830
       4                747051                  3285                  4495                 38274                 39147               182.830
       5                620167                  3320                  4495                 45378                 46043               182.830
       6                566235                     1                   964                 38284                 39189               182.830
       7                481004                  1005                  3212                 39007                 39456               153.741
       8                457528                     1                   904                 45434                 46034               182.830
       9                342971                  3279                  4495                 39037                 39454               153.741
      10                265177                  1003                  1561                 45436                 46036               182.830
      11                259513                     1                   906                 39032                 39447               153.741
      12                214376                  1003                  1656                 38288                 39200               182.830
      13                  8727                  1584                  1673                 38419                 38859               182.830
      14                  7546                  3278                  3326                  6061                  6304               129.280
      15                  6270                   847                   962                 38684                 38876               153.741
      16                  5697                  2754                  2809                 39278                 39501               182.830
      17                  3941                   951                   964                 45538                 45950               182.830
      18                  3194                  1584                  1641                 38700                 38885               153.741
      19                  2966                  3215                  3307                     1                   135               182.830
      20                  2960                   908                   966                 47446                 47644               153.741
      21                  2504                  1448                  1557                 38304                 38382               182.830
      22                  2426                  2339                  2381                 38695                 38874               153.741
      23                  2363                   932                   964                 38534                 38742               182.830
      24                  2360                  1524                  1640                 38663                 38774               129.280
      25                  1826                  1753                  1759                 11697                 11975               182.830
      26                  1694                  3250                  3293                 47986                 48123               182.830
      27                  1422                  3281                  3293                 40803                 40982               153.741
      28                  1280                  1371                  1448                 38314                 38399               182.830
      29                  1131                   932                   964                 39152                 39263               153.741
      30                   968                   932                   964                 38799                 38905               182.830
      31                   894                  1524                  1581                 38719                 38845               153.741
      32                   823                  3215                  3267                     1                   110               129.280
      33                   815                  3300                  3315                  8401                  8480                71.363
      34                   801                  1018                  1039                 38319                 38384               182.830
      35                   688                   939                   945                 41614                 41732               129.280
      36                   678                  3251                  3293                 47471                 47555               182.830
      37                   628                  1584                  1622                 38323                 38382               182.830
      38                   556                  2487                  2499                 38690                 38781               153.741
      39                   550                   951                   962                 39291                 39383               153.741
      40                   529                  1916                  1926                 39329                 39418               129.280
      41                   501                  3303                  3314                  9390                  9473                91.415
      42                   456                  3251                  3285                 47862                 47932               182.830
      43                   423                  3251                  3293                 48167                 48233               182.830
      44                   398                  2504                  2518                 39056                 39114               153.741
      45                   328                  1593                  1636                 38856                 38905               182.830
      46                   226                  1257                  1285                 39326                 39365               129.280
      47                   221                  3304                  3314                 38697                 38735               108.711
