Res	CDD
634	1.1254
635	1.1053
636	1.0241
637	1.0432
638	1.0583
639	1.1757
640	1.2632
641	1.4464
642	1.8367
643	1.3846
644	1.3235
645	1.4727
646	1.3437
647	1.1681
648	1.3181
649	1.3028
650	1.2023
651	1.3388
652	1.4843
653	1.3493
654	1.4175
655	1.2692
656	1.315
657	1.2057
658	1.3088
659	1.2233
660	1.0622
661	1.0657
662	1.0915
663	1.1882
664	1.2461
665	1.4012
666	1.4221
667	1.4209
668	1.4436
669	1.3225
670	1.205
671	1.2635
672	1.2436
673	1.2389
674	1.1935
675	1.2359
676	1.2268
677	1.2139
678	1.3899
679	1.6429
680	1.4427
681	1.135
682	1.1406
683	1.1359
684	1.239
685	1.3673
686	1.3602
687	1.3024
688	1.4428
689	1.5256
690	1.3667
691	1.593
692	1.6514
693	1.5851
694	1.4371
695	1.5291
696	1.7531
697	1.6544
698	1.5829
699	1.8166
700	1.9955
701	1.2682
702	1.1125
703	1.0703
704	1.1028
705	1.1534
706	1.3861
707	1.4207
708	1.3266
709	1.417
710	2.1461
711	2.07
712	1.9923
713	1.7868
714	1.7656
715	1.9888
716	2.2966
717	2.6678
718	3.3477
719	3.2064
720	2.3033
721	2.2231
722	2.2173
723	1.7615
724	1.8064
725	1.9566
726	1.9826
727	1.67
728	1.6371
729	1.4648
730	1.2916
731	1.2426
732	1.2373
733	1.2588
734	1.2091
735	1.196
736	1.2259
737	1.1762
738	1.197
739	1.2854
740	1.3162
741	1.2644
742	1.3994
743	1.5957
744	2.1657
745	2.7518
746	2.8422
747	2.1179
748	1.9217
749	1.5245
750	1.416
751	1.2603
752	1.1187
753	1.1158
754	1.1215
755	1.1417
756	1.3047
757	1.2879
758	1.3856
759	1.4096
760	1.5564
761	1.4899
762	1.6211
763	1.6565
764	1.6003
765	1.4689
766	1.3543
767	1.3961
768	1.3579
769	1.2495
770	1.2568
771	1.3374
772	1.3097
773	1.2815
774	1.3834
775	1.3669
776	1.3767
777	1.2556
778	1.208
779	1.1915
780	1.2041
781	1.1991
782	1.2327
783	1.1924
784	1.3223
785	1.3116
786	1.2468
787	1.1917
788	1.2351
789	1.2093
790	1.2169
791	1.1929
792	1.1908
793	1.1791
794	1.1668
795	1.1352
796	1.1454
797	1.1908
798	1.2093
799	1.3675
800	1.446
801	1.423
802	1.6565
803	1.5757
804	1.6634
805	1.5469
806	2.042
807	2.1359
808	2.2018
809	2.4325
810	2.6326
811	2.052
812	1.9469
813	1.5178
814	1.3711
815	1.1862
816	1.3009
817	1.428
818	1.2797
819	1.2716
820	1.4523
821	1.7952
822	1.8175
823	1.4686
824	1.4649
825	1.3462
826	1.5313
827	1.5035
828	1.4157
829	1.2546
830	1.3264
831	1.3665
832	1.6332
833	1.9232
834	3.3847
835	4.0012
836	5.0467
837	6.6595
838	7.2123
839	7.6172
840	6.7133
841	6.2765
842	4.6927
843	3.4581
844	2.8554
845	2.5362
846	2.3894
847	2.2601
848	1.7541
849	1.4798
850	1.3972
851	1.5989
852	1.8248
853	2.2506
854	2.3539
855	2.0432
856	1.8239
857	1.6904
858	1.6099
859	1.3634
860	1.4351
861	1.5227
862	1.4597
863	1.2492
864	1.3341
865	1.4402
866	1.4055
867	1.3426
868	1.5842
869	1.6874
870	1.4959
871	1.5472
872	1.6584
873	1.3737
874	1.3062
875	1.3298
876	1.4264
877	1.4413
878	2.1183
879	2.3018
880	1.8273
881	1.9309
882	2.0068
883	2.2412
884	1.913
885	1.4496
886	1.695
887	1.8915
888	1.6491
889	1.4402
890	1.6789
891	1.7167
892	1.6641
893	1.7468
894	2.346
895	1.9407
896	1.6346
897	1.3477
898	1.3424
899	1.2134
900	1.1297
901	1.1652
902	1.0967
903	1.1609
904	1.2148
905	1.1594
906	1.239
907	1.3347
908	1.2908
909	1.2486
910	1.4079
911	1.5593
912	2.214