 Eigenvector file: COVAR nmodes 3 width 11
  858  858
   37.56436   -1.27538   -2.83624   34.69605   -2.46786   -2.31136   33.88109
   -4.04245   -1.55152   30.19406   -4.07582   -1.11042   27.92614   -6.39632
   -3.10508   24.72671   -5.69604   -5.13413   21.41724   -6.33062   -3.26571
   19.24255   -9.49974   -3.74187   15.49597   -8.81667   -3.21502   12.27954
  -10.80281   -2.61760    8.94528   -8.91069   -2.82663    5.44320  -10.19900
   -1.99332    1.84994   -8.96903   -2.65598    3.03518   -6.26395   -5.14113
    3.58884   -6.18480   -8.93098    4.12037   -2.42247   -9.57314    7.62718
   -2.68210   -8.04977    7.84215    0.60517   -6.10614   10.65135   -1.03784
   -4.08867   12.78246   -1.42002   -7.26474   11.94830    2.18989   -8.28509
   13.24405    3.44607   -4.88135   16.42384    1.28106   -5.01740   17.16247
    2.79912   -8.48265   16.43068    6.33774   -7.16315   18.85398    5.74899
   -4.23859   21.38481    4.42617   -6.82429   21.76102    0.95175   -5.22612
   22.89503   -1.84983   -7.58617   20.38040   -4.75327   -7.73910   21.43838
   -8.35260   -8.49712   17.87976   -9.82039   -8.59238   14.29686   -8.73596
   -7.80954   11.64679  -11.47740   -7.40100    7.93717  -10.48684   -7.20352
    4.85476  -12.46785   -6.06629    1.53385  -10.98798   -7.30461   -1.75952
  -12.23190   -8.90391   -3.11925   -8.89941  -10.26681   -2.34045   -8.78151
  -14.01691   -2.66141   -4.96014  -14.17774   -0.06431   -4.55242  -11.38143
    2.39180   -6.96942  -13.06871    1.86005   -5.16931  -16.42258    3.03193
   -1.81463  -14.97105    6.17323   -3.28226  -13.35688    7.02271   -5.38441
  -16.44407    7.02647   -2.27780  -18.70777    8.57167    0.22365  -16.22936
   11.52839   -2.08118  -15.36188   12.08016   -3.57799  -18.83280   11.69547
   -7.14241  -18.03319   14.25162   -7.32620  -15.25831   11.79087   -8.46289
  -12.58930   11.11608  -12.17994  -12.07459    7.35905  -12.66559  -11.52312
    6.48629  -15.91496   -9.65752    2.68429  -15.81500   -9.11795    0.61978
  -16.77028   -6.04938    2.49285  -16.84216   -2.67555    0.74037  -20.16437
   -1.81252    2.45470  -21.81604   -4.82116    5.94436  -20.56941   -3.80715
    7.81559  -23.18675   -1.73133   11.04456  -23.56220    0.21826   12.60124
  -25.23031   -2.84228   11.98655  -22.04260   -4.85549   13.60587  -19.89970
   -2.14910   16.66797  -22.16003   -2.27721   16.83267  -21.93207   -6.09253
   16.26678  -18.17807   -6.52079   18.11852  -17.05502   -3.35666   20.01472
  -16.18290   -1.26226   18.23294  -12.90891   -0.40720   19.36782   -9.74594
    1.43260   15.98061   -7.91100    1.57826   12.39068   -9.25986    1.99308
    9.38278   -6.91405    1.52656    5.66355   -7.31650    1.74540    2.36658
   -6.39915    3.15530   -0.46484   -8.94801    2.99330   -4.15880   -8.12884
    2.26439   -6.18861   -6.63092    5.09223   -9.70792   -6.47028    3.66612
  -11.25498   -8.57583    6.41090   -9.03730   -7.19300    9.12490  -10.10044
   -3.66251    8.55351  -12.71608   -1.98616   10.76642  -14.51200   -0.28178
    7.84134  -15.64976   -3.63168    6.40420  -18.98570   -4.95524    7.83236
  -17.96250   -8.48647    7.01581  -14.68019   -8.22761    8.95677  -13.22753
  -11.41215   10.45639  -10.08049  -11.91158   12.34412   -6.58691  -13.07916
   11.56973   -7.31693  -16.81081   11.39352  -10.50672  -16.55692    9.35791
  -10.17930  -14.56172    6.29473   -7.57952  -12.71120    4.37470   -5.47687
  -12.57492    7.43467   -4.43846  -16.11620    6.71782   -2.09760  -14.77249
    4.01061    0.15414  -13.35187    6.79130    1.17886  -16.96695    7.57857
    2.38254  -17.33481    3.93988    4.64157  -14.25794    4.39381    5.87423
  -15.70068    7.73357    6.60266  -19.10937    6.07630    8.71207  -17.52434
    3.29893   10.49887  -15.09419    5.69952   11.67748  -18.05164    7.82916
   13.21162  -19.76172    4.79243   14.67202  -16.56358    3.28876   16.53532
  -15.57074    6.50722   20.20062  -16.53252    7.02084   21.20202  -19.47764
    9.02244   22.65568  -19.42901   12.24693   26.05796  -18.36163   12.17383
   26.02379  -16.53392    9.05092   27.29869  -13.10485    9.47400   25.91399
  -11.46760    6.39099   23.50830   -8.51918    6.58762   19.80188   -9.27633
    6.11489   16.72846   -7.01144    6.19225   12.91134   -7.32303    6.18189
    9.78937   -5.09221    6.16482    6.05064   -5.85092    6.65618    3.01349
   -3.49621    6.61917   -0.63720   -3.71312    7.77562   -3.62253   -1.47120
    8.67007   -3.88336    0.42833   11.98748   -7.59890   -0.42697   12.18056
   -6.92526   -4.05684   13.13375   -8.00606   -5.50382   16.47932   -5.67037
   -5.52482   19.48419   -5.53735   -9.34109   19.71685   -4.61384   -9.61944
   16.01428   -1.87969   -6.94454   16.41849   -0.56667   -8.89817   19.45913
   -0.43673  -12.20324   17.54016    1.33531  -10.65876   14.48669    3.83178
   -9.02108   16.91208    4.41906  -12.42460   18.63378    5.09467  -14.24617
   15.32901    7.39800  -11.38755   14.14618    9.02174  -11.22581   17.66032
    8.70415   -7.39963   17.61727    6.22378   -4.53454   18.05340    5.18813
   -2.28198   15.13143    6.27051    1.27620   14.41325    3.43672    3.63922
   13.41004    4.26964    5.84517   10.37763    1.97142    8.51943    8.90570
    2.64083    9.71398    5.34664    1.60657   13.32573    6.26381    5.12923
   14.20878    7.41897    6.66450   13.42640    3.97655    3.75098   13.74171
    1.50799    0.54813   15.60753    0.61469   -1.48597   12.64125    1.94571
   -2.36124   11.56768    5.47275   -2.45976    7.82325    6.18420   -1.33175
    6.08276    9.37256    0.14965    2.54625    8.90014    1.82603   -0.07196
   11.11741    5.23656   -1.26483    9.88903    7.20986   -4.19502   11.32110
   10.88982   -4.67571   10.35193   14.59179   -4.59272   11.27180   15.76288
   -1.74747    8.96032   18.33411    0.69077   10.43506   16.83266    3.82719
   11.78519   13.23772    2.87283   11.34338   12.36593    4.02165   14.77720
   13.45853    7.61016   14.14278   11.07213   10.39022   13.15254   10.70844
   10.86122    9.51783   10.95528   14.27345    9.07265   12.99462   15.92430
    8.80540   13.93147   18.08238    7.38409   12.80977   18.77453    4.99687
   11.53332   20.51089    3.99185    9.25483   20.69345    2.11034    6.25373
   21.10938    2.24816    4.58641   19.03132    0.82975    1.20766   20.54277
    0.21802   -1.66266   19.38374   -1.98833   -1.46766   22.56695   -4.14471
    1.93503   21.44998   -5.53609    0.40333   18.15708   -6.77422   -2.35024
   19.79645   -8.90575   -2.51870   20.57865  -12.63361   -2.41826   24.20525
  -13.83244   -5.14648   26.63780  -12.75265   -6.61524   24.29562  -10.09719
   -6.71849   25.35926   -6.42013   -6.51731   23.09938   -3.34632   -9.18815
   23.46421   -0.61372   -6.98880   21.69243    1.98613   -3.27933   21.33232
    2.87271   -3.39001   17.49130    2.85758   -5.75542   14.71269    1.71581
   -7.21929   12.07687    4.08717   -7.38845    8.27164    3.68670   -8.27518
    7.21791    0.13947   -9.87422    3.84165   -0.68410  -10.21358    1.93673
   -3.94721  -13.47446    3.80705   -4.61615  -13.69942    7.35413   -5.87928
  -16.16956    8.48352   -3.26113  -13.33004    8.44424   -0.73841  -11.65352
   11.40637   -2.50853  -14.55708   13.62364   -1.30751  -14.22516   12.78767
    2.03738  -16.96796   11.32881    2.52937  -20.19408   11.96786    3.97573
  -19.21090   15.04899    4.35724  -18.53476   15.65326    0.93471  -15.65253
   17.68819    1.07195  -14.25163   18.14882   -2.42158  -10.42931   18.67348
   -2.28075  -10.06740   20.97191   -5.35246  -11.68373   24.01840   -6.98205
  -11.52749   25.45155  -10.48672  -13.58227   28.02398  -12.34686  -15.58310
   28.74979   -9.27553  -16.71765   25.19742   -8.91084  -15.53555   22.30571
   -6.73555  -13.85919   19.15401   -8.14091  -12.14346   15.82876   -7.34070
   -8.44280   15.03005   -7.77679   -7.49959   13.76562  -11.25566   -5.46124
   10.56484  -11.77267   -2.23720   12.44857  -12.64182   -2.63448   14.53823
   -9.45896   -3.29108   11.43325   -7.31182   -0.07139    9.84455   -8.64635
    1.85317   12.96352   -7.47101    0.12978   12.82136   -4.03775    1.44389
    9.24528   -3.64922    4.85776   10.39115   -4.98080    5.05402    8.31854
   -8.18829    6.85478    9.61393  -11.28883    4.82784   11.04846  -14.08863
    2.95913    8.53608  -16.12870    4.45277    5.60583  -14.16359    1.07019
    3.85933  -13.73051   -0.04229    4.60741  -17.30447    0.60520    1.58062
  -19.41648   -1.44095    0.53734  -22.30130   -4.48972    1.34451  -21.78982
   -5.09056    0.93660  -18.30811   -8.46122    2.06904  -17.01921   -9.08634
    4.75223  -14.44535  -10.73692    2.11781  -12.32900   -7.65681   -0.10328
  -12.42224   -5.38408    2.86745  -11.61756   -7.53249    3.86076   -8.62751
   -7.62165    0.23327   -7.42290   -3.81518    0.15563   -7.42760   -3.23949
    3.64625   -5.97336   -5.85903    3.15505   -3.22866   -3.87868    0.19597
   -1.78919   -0.26714    0.82738   -2.81149    2.60279    2.01835   -0.75385
    3.53896    5.68996   -1.04620    6.92317    6.27673   -2.53378    8.24464
    8.92903   -0.08771    7.79745    6.68687    2.99865    9.63843    3.77218
    1.32070   12.42152    6.17323    0.18989   13.00754    7.30649    3.79619
   12.95407    3.69492    5.11563   15.39725    2.36222    2.44655   17.89397
    5.30354    2.57315   20.28813    3.68634    5.15977   20.74916    0.60849
    2.89025   23.26055    2.63825    0.79323   25.85764    1.94339    3.51853
   25.53786   -1.86734    3.17531   25.25118   -2.47393   -0.61903   26.99682
   -1.37756   -3.83874   26.08716    1.90788   -5.52598   26.11280    3.04823
   -8.94290   -0.29421   -4.09523   -1.26622
 ****
    1    67.36874
    0.04644   -0.14158    0.19834    0.06028   -0.14838    0.12985    0.00574
   -0.03780    0.01830    0.00583   -0.01876    0.00281    0.00730   -0.01386
   -0.00494    0.00880   -0.01580   -0.00806    0.00806   -0.01260   -0.00860
    0.00678   -0.01183   -0.00802    0.00713   -0.00715   -0.01083    0.00553
   -0.00461   -0.01099    0.00704   -0.00242   -0.01371    0.00610    0.00237
   -0.00897    0.00454    0.00047   -0.00636    0.00963    0.00261   -0.00125
    0.01184    0.00257   -0.00016    0.00253    0.00459    0.00634    0.01168
    0.01016   -0.01163    0.01213    0.00834   -0.01043    0.00929    0.00564
   -0.01014    0.01154    0.00076   -0.00780    0.01477    0.00015   -0.01024
    0.01602   -0.00385   -0.00947    0.01372   -0.00722   -0.01102    0.01447
   -0.00756   -0.01102    0.02056   -0.00636   -0.01050    0.02241   -0.01088
   -0.01299    0.01726   -0.01583   -0.01566    0.01315   -0.01425   -0.01118
    0.01264   -0.01568   -0.00959    0.01142   -0.01451   -0.01012    0.00735
   -0.01638   -0.00748    0.00470   -0.01058   -0.00978    0.00551   -0.00619
   -0.01171    0.00468   -0.00505   -0.00975    0.00400   -0.00594   -0.00959
    0.00424   -0.00365   -0.00554    0.00717    0.00160   -0.00723    0.00488
    0.01208   -0.01089    0.00549    0.01585   -0.00301    0.01174    0.02901
   -0.00167    0.00595    0.02953    0.01441    0.00680    0.01803    0.01573
   -0.00598    0.01416    0.00154    0.00633    0.03622    0.01112    0.02665
    0.02382    0.02574    0.02944    0.00681    0.00624   -0.00145   -0.00016
    0.00138   -0.00065   -0.00193   -0.00070    0.01082    0.01035   -0.01942
    0.00960    0.01009   -0.01435   -0.00160    0.01319   -0.02062   -0.04547
   -0.00359   -0.01297   -0.02355   -0.01347   -0.02146   -0.01251   -0.01024
   -0.00403    0.00804   -0.01476   -0.00356    0.00545   -0.00413   -0.00687
    0.00535   -0.00335   -0.00497    0.00527    0.00035   -0.00657   -0.00119
    0.00153   -0.01058   -0.00619    0.00099   -0.00790   -0.01180    0.00425
   -0.00674   -0.01257   -0.00026   -0.00454   -0.01266    0.00343   -0.00886
   -0.01653   -0.00029   -0.01090   -0.02216    0.00053   -0.00447   -0.01613
    0.00265   -0.00097   -0.00958    0.00355   -0.00058   -0.00688   -0.00171
    0.00075   -0.01083   -0.00543   -0.00146   -0.01133   -0.00821   -0.00111
   -0.00349   -0.00792   -0.00377   -0.00399   -0.00916   -0.00319   -0.00271
   -0.01126   -0.00334    0.00114   -0.00823   -0.00647    0.00474   -0.00867
   -0.00813    0.00664   -0.00503   -0.01087    0.00365    0.00256   -0.01332
    0.01175    0.01318   -0.01674   -0.00155    0.04697   -0.04424   -0.01504
   -0.00324   -0.01055   -0.00711   -0.01477   -0.00143   -0.01027   -0.02802
   -0.00442   -0.01468   -0.02203   -0.00977   -0.00931    0.01889   -0.02582
   -0.03757    0.02516   -0.03613   -0.03650   -0.00586   -0.02837   -0.00999
   -0.00067   -0.00585   -0.01016    0.00471   -0.01043    0.00128    0.01329
   -0.01030   -0.00942    0.02122   -0.01737   -0.01907    0.03041   -0.02975
   -0.02397    0.02793   -0.02100   -0.02734    0.02173   -0.01556   -0.02838
    0.02344   -0.01130   -0.04337   -0.02890    0.00514   -0.03971   -0.00388
   -0.00474   -0.02418   -0.00445   -0.00689   -0.04612   -0.00822    0.02187
   -0.02019    0.02715    0.04831   -0.02062    0.00357    0.02214    0.00901
    0.00107    0.00028   -0.01207   -0.00087   -0.00788   -0.01204   -0.00583
   -0.00930   -0.00935   -0.00088   -0.01386   -0.01022    0.00004   -0.00856
   -0.00965   -0.00286   -0.00814   -0.00995   -0.00215   -0.01043   -0.00709
   -0.00155   -0.01149   -0.00739   -0.00295   -0.00827   -0.00632   -0.00329
   -0.00780   -0.00687   -0.00105   -0.00983   -0.01238    0.00174   -0.00242
    0.00137    0.00078    0.00475   -0.00512    0.00075   -0.00102   -0.00622
    0.00547   -0.00183   -0.00828   -0.00254    0.00693   -0.01911   -0.00386
    0.01415   -0.02548    0.00753    0.03243   -0.01379   -0.01385    0.02969
   -0.02102   -0.01894    0.01520   -0.00342   -0.01790    0.00312   -0.00248
   -0.02244   -0.00167    0.00396   -0.01532   -0.00551    0.00261   -0.00761
   -0.00796    0.00539   -0.00376   -0.00993    0.00520   -0.00091   -0.01208
    0.00783    0.00243   -0.01563    0.00857   -0.00374   -0.01854   -0.00120
   -0.01487   -0.00854   -0.00011   -0.03405   -0.00804   -0.00505   -0.04205
   -0.00454    0.00544   -0.01812   -0.01669    0.00271   -0.00338   -0.00543
   -0.01072   -0.00311    0.00940   -0.00090    0.01498    0.02245    0.01304
    0.00835    0.01171    0.00849    0.00809    0.00862   -0.00523    0.00592
    0.00502    0.00016    0.00221   -0.00716    0.00889    0.00126   -0.01129
   -0.00229    0.00099   -0.01217   -0.00786   -0.00101   -0.01621    0.00018
   -0.00276   -0.02303    0.00104   -0.00222   -0.02226   -0.00582   -0.00370
   -0.02264   -0.00557   -0.00520   -0.02554   -0.00037   -0.00746   -0.02774
    0.00422   -0.00722   -0.02812    0.00759   -0.00416   -0.02690    0.00900
   -0.00127   -0.02622    0.01652   -0.00293   -0.02629    0.01992    0.00419
   -0.01813    0.02162   -0.00171   -0.02202    0.02606    0.00429   -0.01905
    0.02774    0.01603   -0.01439    0.01884    0.01254   -0.01126    0.01676
    0.02724   -0.01872    0.01757    0.02373   -0.01759    0.01405    0.02524
   -0.01482    0.00168    0.01002   -0.00522    0.01254    0.00356   -0.00408
    0.01399    0.00449   -0.00271    0.00704    0.00709    0.00523    0.02353
    0.00509   -0.00272    0.02411    0.00775   -0.01845    0.01192   -0.00056
   -0.01837    0.00911    0.00086   -0.02644    0.00038   -0.00134   -0.01871
    0.00174   -0.00148   -0.01416    0.00141   -0.00197   -0.01275    0.00513
   -0.00553   -0.01530    0.00762   -0.00681   -0.01730    0.01796   -0.00327
   -0.01718    0.01213    0.01006   -0.03378   -0.00851    0.04040   -0.04271
    0.01107    0.03477   -0.06322    0.01735    0.04652   -0.05282    0.00700
    0.03059   -0.05855   -0.04536    0.06519   -0.01456    0.01972    0.03724
   -0.08838    0.00011    0.12029   -0.04995    0.05942    0.11454   -0.11603
   -0.01012    0.00091   -0.12302   -0.07575    0.07463   -0.01575   -0.03568
    0.07851   -0.06419   -0.01037    0.03097    0.00067   -0.01720    0.02279
    0.00651   -0.01336    0.01195    0.00399   -0.02056    0.01222    0.00298
   -0.01817    0.01918    0.00220   -0.01180    0.01695    0.00042   -0.01521
    0.01156    0.00109   -0.02102    0.01077    0.00127   -0.03481    0.01076
   -0.00039   -0.04040    0.00285    0.00311   -0.02942   -0.00148    0.00520
   -0.02606    0.00013    0.00479   -0.01784    0.00136    0.00542   -0.01329
   -0.01013    0.01120   -0.00315   -0.00295    0.00785   -0.00181   -0.00148
    0.00284    0.00102   -0.00221   -0.00126    0.00748   -0.00720   -0.00508
    0.01292   -0.00105    0.00503   -0.00531    0.00052    0.00694   -0.03177
   -0.00165    0.01600   -0.03360   -0.00826    0.04268    0.01822   -0.03485
    0.04539    0.01821   -0.03886   -0.00948    0.03627   -0.04609   -0.04267
   -0.00293   -0.01808   -0.07844   -0.03512   -0.00818   -0.03044   -0.01261
   -0.00885   -0.01504   -0.01518   -0.00072   -0.02825   -0.08894   -0.15817
   -0.03168   -0.16900   -0.17482   -0.24142   -0.14165   -0.07944   -0.19622
   -0.00169   -0.10468   -0.05482   -0.04795    0.04011   -0.06272    0.03599
   -0.04938    0.02973    0.00471   -0.02082    0.01652    0.00428   -0.01002
    0.00759   -0.01168   -0.00646    0.00877   -0.02697   -0.01619    0.00703
   -0.03085   -0.00741    0.01185   -0.04130   -0.00657    0.02622   -0.02946
   -0.02822    0.03844   -0.02761   -0.02862    0.01705   -0.01992   -0.02714
    0.01532   -0.01309   -0.02357    0.01476    0.00350   -0.01576    0.01383
    0.00268   -0.00942   -0.00557   -0.00043   -0.00519   -0.00688    0.00681
   -0.00105   -0.00162   -0.00075    0.00795   -0.00422   -0.00322    0.00351
   -0.00219   -0.00330    0.00305   -0.00322    0.00495    0.00620    0.01489
   -0.00564    0.01258    0.01422   -0.01374    0.02003    0.00929   -0.00857
    0.02506    0.02808   -0.01100    0.01266    0.01357   -0.01824   -0.00639
    0.02527    0.01567   -0.01759    0.03729    0.06782    0.01091    0.00679
    0.06098    0.03031   -0.00957    0.02841    0.01227   -0.00920    0.01936
    0.02706   -0.02125    0.00784    0.07752   -0.01049    0.02377    0.03786
    0.04461   -0.02309   -0.00035    0.08564    0.00531    0.10343    0.13327
    0.00837    0.07592    0.11962    0.00754    0.05981    0.13534   -0.00767
    0.02764    0.17129    0.01141   -0.01424    0.14285    0.02746    0.00466
    0.11585    0.01237    0.01231    0.13561    0.01710   -0.02630    0.15524
    0.04429   -0.04185    0.12011    0.04726   -0.00459    0.11480    0.03148
   -0.00628    0.12924    0.02901   -0.01954    0.12779    0.04186   -0.01082
    0.13363    0.04175   -0.01211    0.12840    0.02463    0.07244    0.12796
    0.02297    0.07119    0.09163    0.01029    0.01471    0.01320    0.05925
    0.02223   -0.01366    0.02502    0.01510   -0.02077    0.01677    0.01493
   -0.02922    0.03268    0.01065   -0.00369    0.02324   -0.00000    0.00123
    0.01098   -0.00561   -0.01387    0.01412   -0.00049   -0.01361    0.01766
   -0.00343   -0.00975    0.01577   -0.00671   -0.01043    0.01131   -0.00867
   -0.00880    0.01762   -0.01573   -0.00821    0.01336   -0.01666   -0.00443
    0.00694   -0.01624   -0.00514    0.00856   -0.01601   -0.00533    0.00982
   -0.01787   -0.00520    0.00720   -0.01890   -0.00551    0.03043   -0.00466
    0.00083    0.05259   -0.04643   -0.06249
 ****
    2    41.80824
   -0.06981    0.24848   -0.45230   -0.10143    0.26603   -0.29462    0.01211
    0.03691   -0.03792    0.01142   -0.00887   -0.00313    0.00777   -0.02148
    0.01588    0.01178   -0.01704    0.01157    0.00797   -0.01224    0.00667
    0.00635   -0.01098    0.00538    0.00617   -0.00959    0.00208    0.00431
   -0.00744   -0.00087    0.00631   -0.00349   -0.00079    0.00267    0.00230
   -0.00694    0.00166   -0.00249   -0.00972    0.01008   -0.00447   -0.00811
    0.02461   -0.02196   -0.00732    0.02041   -0.02383   -0.02077    0.02002
   -0.01408   -0.01847    0.01692    0.00047   -0.04146    0.00253    0.00278
   -0.01868    0.01451   -0.01155   -0.00901    0.02729   -0.01212   -0.02092
    0.01582   -0.00874   -0.01775    0.01349   -0.01320   -0.00462    0.02583
   -0.01980   -0.00510    0.02627   -0.01634   -0.01405    0.01575   -0.01546
   -0.00483    0.02269   -0.01493    0.00153    0.01614   -0.01628   -0.00037
    0.01770   -0.01824    0.00281    0.01356   -0.01449    0.00365    0.01129
   -0.01556    0.00586    0.00942   -0.01081    0.00333    0.00982   -0.00836
    0.00125    0.00541   -0.00415    0.00197    0.00456   -0.00491   -0.00515
    0.00162    0.00014   -0.00443    0.00337    0.00142   -0.00688    0.00234
    0.00841   -0.01002    0.01141    0.01466   -0.00502    0.01332    0.01099
   -0.00478    0.02181    0.01194   -0.00613    0.02549    0.00775   -0.00849
    0.01691   -0.00214   -0.00767    0.02195   -0.00719   -0.01144    0.03410
   -0.00683   -0.02202    0.02656   -0.01371   -0.01259    0.02578   -0.02424
   -0.00543    0.04109   -0.03105   -0.01474    0.04354   -0.02823   -0.01943
    0.03576   -0.03484   -0.01169    0.03792   -0.04014   -0.00846    0.03307
   -0.03741   -0.00660    0.02821   -0.04095   -0.00334    0.02141   -0.02616
   -0.00435    0.01285   -0.02338    0.00487    0.01196   -0.01894    0.00127
    0.00974   -0.01407    0.00869    0.00879   -0.00493    0.00048   -0.00008
    0.00206   -0.00375   -0.00545    0.00211   -0.00067   -0.00745    0.00264
   -0.00247   -0.00464    0.00309   -0.00117   -0.00661    0.00762   -0.00123
   -0.00681    0.00686   -0.00198   -0.00352   -0.00755   -0.01261   -0.01909
    0.00498   -0.02558   -0.01108    0.01709   -0.00645    0.00400   -0.00680
    0.00024   -0.00695   -0.01764   -0.01952   -0.01674   -0.00242   -0.01801
    0.00129    0.00052   -0.00470   -0.00704   -0.00949    0.00318   -0.00893
   -0.01300    0.00659   -0.00175   -0.00834    0.00373    0.00170   -0.01075
    0.00568    0.00196   -0.00978    0.00249    0.00146   -0.01012    0.00042
    0.00154   -0.00830    0.00407   -0.00235    0.00903   -0.01730   -0.00378
    0.00415    0.00090    0.00165   -0.00295   -0.00306   -0.00105   -0.01033
   -0.00364    0.00739    0.00185   -0.00532    0.00041    0.00298    0.00717
    0.01026    0.01895    0.02838    0.00079    0.08545    0.01209   -0.03289
    0.06775   -0.06800   -0.00733    0.09909   -0.06066   -0.04962    0.06709
   -0.05430   -0.01530    0.04757   -0.04218   -0.01306    0.04295   -0.03449
    0.00706    0.03805    0.00015   -0.00167    0.07067    0.01292   -0.01202
    0.08246    0.04979    0.00491    0.07652    0.02326   -0.00983    0.04217
    0.00918   -0.03059    0.04637    0.02002   -0.04414    0.05505    0.04701
   -0.00685    0.02125    0.03255   -0.00251   -0.00584    0.02966    0.01111
   -0.00416    0.00410   -0.00332    0.00400    0.00343   -0.00583   -0.00305
    0.00129   -0.00253   -0.00283   -0.00196   -0.00604   -0.00364   -0.00128
   -0.00648   -0.00486   -0.00146   -0.00530   -0.00559   -0.00241   -0.00477
   -0.00550   -0.00259   -0.00678   -0.00643   -0.00139   -0.00591   -0.00663
   -0.00085   -0.00470   -0.00902    0.00047   -0.01190   -0.01044    0.00289
   -0.00922   -0.01286    0.00519   -0.00510   -0.01412    0.00592   -0.00863
   -0.01163    0.00747   -0.00940   -0.01102    0.01313   -0.00614   -0.00468
    0.02168   -0.01061    0.01972    0.02974    0.00429   -0.02579    0.00560
   -0.00560   -0.01682    0.00764    0.00348   -0.01816    0.00205   -0.00230
   -0.01669    0.00395   -0.00151   -0.01619    0.00797   -0.00185   -0.01251
    0.00604   -0.00007   -0.01008    0.00236    0.00005   -0.01181    0.00344
    0.00106   -0.01047    0.00110    0.00192   -0.01372    0.00332   -0.00812
   -0.02510    0.01535   -0.01040   -0.02674    0.00944   -0.00787   -0.01876
    0.00128   -0.01227   -0.01130   -0.00339   -0.00865   -0.02423   -0.00505
    0.00958   -0.01578    0.01769    0.01634    0.00216    0.02797    0.02135
    0.00156    0.02402    0.01976    0.00141    0.02062    0.01096    0.00315
    0.01820    0.01303    0.00150    0.01486    0.01936   -0.00181    0.01000
    0.01081   -0.00063    0.00710    0.00845   -0.00221    0.00508    0.01275
   -0.00445    0.00192    0.01263   -0.00572   -0.00045    0.00590   -0.00505
   -0.00186    0.00693   -0.00757   -0.00516    0.01080   -0.00431   -0.00737
    0.01372   -0.00442   -0.01153    0.01562   -0.00431   -0.00100   -0.00134
   -0.00608    0.00481   -0.00779   -0.00641   -0.00560   -0.01251   -0.01304
   -0.00802   -0.01483   -0.01749   -0.01215   -0.01872   -0.01658   -0.00396
   -0.02495   -0.02340   -0.00715   -0.02459   -0.02193   -0.01193   -0.02364
   -0.02479   -0.01528   -0.02738   -0.02838   -0.01589   -0.03119   -0.02183
   -0.01089   -0.02644   -0.00673   -0.00132   -0.04640    0.00979    0.01116
   -0.03014   -0.01524    0.00853   -0.01212   -0.02051   -0.01247   -0.01893
   -0.01784   -0.00795   -0.01810   -0.01945   -0.00117   -0.00968   -0.01583
   -0.00109   -0.00760   -0.01000   -0.00272    0.00000   -0.00447   -0.00029
    0.00051   -0.00422    0.00197    0.00049   -0.00845    0.00198   -0.00177
   -0.01049   -0.00133   -0.00350   -0.00722   -0.00470    0.00043   -0.00078
    0.00102   -0.00169   -0.00023   -0.00976   -0.01404    0.01927   -0.01566
   -0.00993    0.01722   -0.02639   -0.00971    0.02196   -0.01863   -0.02383
   -0.01807   -0.02155   -0.07242    0.00240   -0.00959    0.04018   -0.06555
    0.17054    0.14103   -0.03182    0.15935    0.01220   -0.02367    0.14707
    0.09778    0.16551    0.12434    0.04746    0.03135    0.00725   -0.02852
    0.05659    0.13660   -0.02725   -0.00000    0.03256   -0.01865    0.01628
    0.01309   -0.01090    0.00653    0.00749   -0.01051    0.00539    0.00570
   -0.00953    0.00573    0.00801   -0.00914    0.00721    0.00258   -0.00358
    0.01421    0.00158    0.00274    0.01894    0.00197   -0.00291    0.01857
    0.00118   -0.00754    0.01270    0.00097   -0.00339    0.00904   -0.00051
   -0.01001    0.00766   -0.00015   -0.01193    0.00589   -0.00134   -0.01599
    0.00699   -0.00548   -0.02171    0.00579   -0.00145   -0.02366    0.00610
    0.00587   -0.02472    0.00562   -0.00165   -0.02929    0.00767    0.00155
   -0.03727    0.02029    0.01043   -0.03902    0.01792    0.03614   -0.03004
    0.00310    0.03844   -0.02231    0.00065    0.03230    0.01007    0.00406
    0.02382    0.01570    0.00595   -0.00937    0.02920    0.00602   -0.01224
    0.00455    0.00358   -0.03173   -0.01346    0.00671   -0.00887   -0.00317
    0.00579   -0.00246   -0.01211    0.00236   -0.01733   -0.03940   -0.03309
   -0.02063   -0.05555   -0.03561   -0.07479   -0.05493   -0.01729   -0.07242
   -0.02532   -0.02032   -0.03858   -0.03094    0.00729   -0.04133   -0.01531
   -0.00617   -0.01446   -0.01393    0.00281   -0.01419   -0.01453    0.00735
   -0.00899   -0.01139    0.00638   -0.00951   -0.00531    0.01427   -0.00194
   -0.01031   -0.00961   -0.01253   -0.00833   -0.02516   -0.03919   -0.01876
    0.00790   -0.05156   -0.01129    0.00707   -0.01037   -0.01027    0.00865
   -0.00854   -0.00357    0.01179   -0.00838   -0.00235    0.01236   -0.00896
   -0.00260    0.01223   -0.01223   -0.00510    0.02035   -0.01563   -0.01298
    0.01548   -0.01548   -0.00847    0.00892   -0.00848   -0.00829    0.00562
   -0.00652   -0.02179    0.00502   -0.01138   -0.01878    0.00112    0.00145
   -0.01872   -0.00297    0.01273   -0.02608   -0.00340    0.00854   -0.03204
   -0.00562    0.00635   -0.02893   -0.01074    0.01173   -0.03286   -0.01290
    0.01388   -0.00035   -0.01037    0.03590    0.03831   -0.00369    0.01578
    0.09254   -0.00195   -0.03649    0.07162   -0.00911   -0.03397    0.05785
    0.02028   -0.03281    0.07054    0.01216   -0.04142    0.05036   -0.01224
   -0.00907    0.00283   -0.03303    0.03612    0.03873    0.05995    0.07274
    0.03162    0.04461    0.06264    0.03207    0.05690    0.05405    0.02132
    0.02821    0.08219    0.02320   -0.00065    0.05000    0.02952    0.00779
    0.03854    0.02375    0.00574    0.06112    0.02590   -0.00678    0.06692
    0.00980   -0.01497    0.04317    0.01046   -0.01757    0.06228    0.01634
   -0.02074    0.06861    0.01234   -0.01853    0.06533   -0.00093   -0.02982
    0.06185    0.00939   -0.08151    0.05404    0.01344   -0.03564    0.03033
   -0.01626   -0.02961   -0.00083   -0.01613   -0.02384   -0.01028   -0.01517
   -0.01995   -0.01194   -0.01677   -0.03066   -0.01924   -0.00462   -0.01603
   -0.03316   -0.00594   -0.00219   -0.00775   -0.02085   -0.01313   -0.00246
   -0.01623   -0.01678   -0.01247   -0.00843   -0.00821   -0.00958   -0.01203
   -0.00574   -0.00209   -0.01336   -0.00315    0.00023   -0.00963   -0.00446
    0.00335   -0.01383   -0.00284    0.00084   -0.00760    0.00004   -0.00542
   -0.00059   -0.00091    0.00284    0.00626   -0.00712    0.00355    0.01339
   -0.01304    0.00560    0.02346   -0.01467   -0.00122    0.01155   -0.03706
   -0.00602    0.00347   -0.06240   -0.00841
 ****
    3    27.99489
   -0.03815    0.09516   -0.21596   -0.05416    0.10064   -0.14489    0.00835
    0.01865   -0.01705    0.01127   -0.00043    0.00899    0.00538   -0.00567
    0.02292    0.00622    0.00023    0.02365    0.00450    0.00245    0.02167
    0.00302    0.00364    0.01944    0.00289    0.00432    0.01740    0.00141
    0.00530    0.01352    0.00145    0.00498    0.01007    0.00151    0.00358
    0.00889    0.00433    0.01083    0.00632    0.00634    0.00878    0.00489
    0.00483    0.01778    0.00514    0.00581    0.01867    0.01034    0.00523
    0.01597    0.01085    0.00673    0.01195    0.01596    0.00525    0.01044
    0.01631    0.00726    0.00920    0.01806    0.01009    0.00981    0.01868
    0.00896    0.00729    0.01990    0.00762    0.00530    0.02158    0.01078
    0.00814    0.02375    0.01254    0.00727    0.02667    0.00981    0.00192
    0.02747    0.01155    0.00442    0.02815    0.00906    0.00224    0.02385
    0.00831    0.00286    0.02293    0.00623    0.00460    0.02144    0.00645
    0.00482    0.02091    0.00682    0.00474    0.01887    0.00655    0.00530
    0.01652    0.00671    0.00455    0.01181    0.00743    0.00696    0.01101
    0.00326    0.00927    0.00477    0.00567    0.01381    0.00263    0.00526
    0.01988   -0.00199    0.00932    0.02162   -0.00218    0.01329    0.02413
   -0.00134    0.01452    0.02436   -0.00036    0.01122    0.02118    0.00293
    0.01151    0.02015    0.00452    0.01736    0.02152    0.00433    0.01748
    0.02068    0.00553    0.01374    0.01887    0.01163    0.01809    0.01754
    0.01375    0.02506    0.01616    0.01182    0.01885    0.01934    0.01264
    0.01642    0.01863    0.02030    0.02122    0.02291    0.01818    0.01417
    0.01949    0.01671    0.01467    0.02114    0.01862    0.01242    0.01631
    0.01559    0.00992    0.01584    0.01046    0.00969    0.01701    0.00757
    0.00625    0.01463    0.00161    0.00532    0.01682   -0.00540   -0.00234
    0.01458   -0.01125   -0.00556    0.01577   -0.00998   -0.00702    0.01738
   -0.00711   -0.00591    0.01318   -0.00420   -0.00657    0.01375   -0.00417
   -0.01057    0.01449   -0.00013   -0.01035    0.00786   -0.00301   -0.00929
    0.00964   -0.00234   -0.00087    0.01319    0.00111    0.00076    0.00654
    0.00476   -0.00482   -0.00011    0.00585    0.00040    0.00586    0.00674
    0.00612    0.00699    0.00981    0.00118    0.00249    0.01422   -0.00128
    0.00091    0.01723    0.00037    0.00201    0.01689    0.00013    0.00058
    0.01970   -0.00003    0.00030    0.01898   -0.00091    0.00157    0.01316
   -0.00313   -0.00136    0.01342    0.00197   -0.01701    0.02426    0.00337
    0.00620    0.00938   -0.00039    0.01083    0.00308    0.00264    0.01764
   -0.00581   -0.00500    0.01995   -0.01204   -0.00250    0.01125   -0.01994
   -0.00833    0.01684   -0.01766    0.00529   -0.01666   -0.01731   -0.00156
   -0.01175    0.00798   -0.00778   -0.02835    0.01087    0.00238   -0.01900
    0.01044   -0.00554   -0.01041   -0.00112   -0.01067   -0.01021   -0.01715
   -0.00400   -0.01070   -0.01615   -0.00849   -0.00698   -0.00734    0.00824
   -0.00830   -0.02588    0.00103   -0.00910   -0.01125    0.00437   -0.00655
   -0.00853    0.00241   -0.00711   -0.01015    0.01047   -0.00265   -0.02196
   -0.00350    0.01980   -0.01360    0.00206    0.02105   -0.00648   -0.00601
    0.00580    0.00002   -0.00938    0.00652   -0.01169   -0.00580    0.01087
   -0.00644   -0.00691    0.00381   -0.00168   -0.00986    0.00177   -0.00754
   -0.00544    0.00602   -0.00654   -0.00035    0.00102    0.00235   -0.01004
   -0.00416    0.00368   -0.01282   -0.00360    0.00134   -0.00250   -0.00472
    0.00843   -0.00515   -0.00842    0.01418   -0.00256   -0.01258    0.00630
    0.00298   -0.00058    0.00233   -0.00428    0.00559    0.00990   -0.00273
   -0.00346    0.01163   -0.00222   -0.00404    0.00778   -0.00034   -0.01600
   -0.00994    0.00073   -0.03434   -0.01228    0.00493   -0.02988   -0.01332
   -0.00580   -0.02079   -0.00738   -0.00859   -0.02417    0.01237   -0.00242
   -0.00568    0.01789   -0.00456   -0.00762    0.02725   -0.00452   -0.00490
    0.02161   -0.00398   -0.00423    0.01982   -0.00386   -0.00527    0.01864
   -0.00246   -0.00356    0.01662   -0.00402    0.00159    0.01206    0.00286
    0.00991    0.00361    0.00242    0.01520    0.00277    0.00019    0.01049
    0.00323   -0.00961    0.00710    0.00373   -0.00929    0.00311   -0.00733
   -0.00891    0.00220   -0.01153   -0.01856   -0.00577   -0.01858   -0.02705
   -0.00429   -0.01241   -0.02529   -0.00376   -0.00987   -0.01598   -0.00532
   -0.00726   -0.01926   -0.00256   -0.00212   -0.02433   -0.00130    0.00089
   -0.01843   -0.00161    0.00200   -0.01348   -0.00140    0.00472   -0.01902
   -0.00020    0.00952   -0.02118   -0.00049    0.00961   -0.01742   -0.00005
    0.01002   -0.01435   -0.00070    0.01446   -0.02026   -0.00176    0.01737
   -0.02059   -0.00153    0.01836   -0.02069   -0.00097    0.01390   -0.01258
   -0.00068    0.01182   -0.00843   -0.00138    0.01523   -0.00774   -0.00092
    0.01321   -0.00684    0.00485    0.01737   -0.00360    0.00549    0.01300
    0.00928    0.01056    0.01822   -0.00017    0.00904    0.01292   -0.00194
    0.02123    0.00779   -0.00543    0.02397    0.00625   -0.00889    0.00335
    0.01109   -0.00922   -0.00036    0.00930   -0.00675    0.00195    0.01667
   -0.00722    0.00777    0.01744   -0.00719    0.00805    0.01733   -0.00100
    0.00283    0.01160   -0.00104    0.00337    0.00773   -0.00580    0.00101
    0.00790   -0.00310    0.00070    0.01463   -0.00731   -0.00175    0.01431
   -0.00682   -0.00405    0.01698   -0.00759   -0.00709    0.02029   -0.00633
   -0.00635    0.02215   -0.00728   -0.00744    0.02437   -0.00512   -0.00184
    0.00784   -0.00321    0.00177    0.01961    0.00817    0.02126    0.01104
    0.03165    0.01563   -0.00131    0.04301    0.03094    0.00493    0.00307
    0.00172    0.00734    0.07925   -0.01817   -0.07791    0.07865   -0.08379
   -0.14381    0.13922   -0.18923   -0.28350    0.08910   -0.23507   -0.28754
    0.08848   -0.22059   -0.31101    0.08715   -0.16463   -0.29293    0.04758
   -0.14663   -0.22349    0.00290   -0.05558   -0.04884    0.01588   -0.01814
   -0.02355   -0.00579   -0.00584   -0.00024   -0.01213   -0.00934   -0.00647
   -0.01690   -0.01137   -0.01678   -0.02183   -0.01534   -0.00182   -0.02480
   -0.01771   -0.00009   -0.03524   -0.02577   -0.00190   -0.03971   -0.02887
   -0.01150   -0.03830   -0.02906   -0.00742   -0.02940   -0.02600    0.00042
   -0.01743   -0.01587   -0.00160   -0.01010   -0.00644    0.00574   -0.00338
   -0.00122    0.01178    0.00577    0.01080    0.01231    0.00793    0.01047
    0.00277   -0.00024    0.01002    0.01363   -0.01187    0.01344    0.02355
   -0.00662    0.00191    0.01480   -0.00461    0.00342    0.00013   -0.00512
    0.01571   -0.00335    0.00660    0.01102   -0.00802    0.00683    0.01822
   -0.01208   -0.00070    0.00875   -0.00195   -0.02073    0.01396    0.01053
   -0.02209   -0.00426    0.01986   -0.01981   -0.00596    0.01769   -0.02437
    0.00016    0.02302   -0.02405   -0.00122    0.02758   -0.03881   -0.06114
    0.01835   -0.06624   -0.06631   -0.05793   -0.05280   -0.01272   -0.02961
    0.01415   -0.01912    0.02405   -0.02446    0.03000    0.01787    0.01241
   -0.01126    0.04234   -0.00137   -0.01211    0.03580   -0.00118   -0.00705
    0.02637   -0.01202   -0.01383    0.01943   -0.02124   -0.02393    0.01173
   -0.02832   -0.01919    0.01310   -0.03745   -0.01858    0.02557   -0.02560
   -0.03148    0.03524   -0.02427   -0.03155    0.02476   -0.01664   -0.02610
    0.02752   -0.02205   -0.02990    0.02983   -0.01732   -0.02651    0.03284
   -0.01692   -0.02254    0.02796   -0.02234   -0.03122    0.02892   -0.01826
   -0.03058    0.03844   -0.02537   -0.02662    0.01805   -0.01826   -0.01770
    0.01376   -0.00713   -0.01592    0.02072   -0.00240   -0.00616    0.01906
   -0.01116   -0.00198    0.02433   -0.01595   -0.00491    0.02283   -0.00772
   -0.00131    0.02812   -0.00991    0.00267    0.02742   -0.00518    0.00621
    0.02572   -0.00513    0.01224    0.02954    0.00139    0.01407    0.02977
    0.02280    0.02060    0.00282    0.01291    0.01791    0.00554    0.00991
    0.02187   -0.00244    0.01654    0.02932   -0.00392    0.03940    0.02473
    0.00717    0.04161    0.02635    0.00601    0.06580    0.11673    0.00155
    0.02314    0.06047   -0.00718    0.01622    0.06304   -0.02202    0.02091
    0.05494   -0.00913    0.00391    0.04581   -0.02282   -0.00546    0.03134
   -0.02752    0.00595    0.02335   -0.02573    0.01021    0.02762   -0.02468
    0.00043    0.02766   -0.02647    0.00063    0.01478   -0.02873    0.01574
    0.01554   -0.03515    0.01204    0.03703   -0.03383    0.00345    0.03483
   -0.02439    0.00184    0.04239   -0.01993    0.00032    0.01017   -0.00465
    0.00728    0.00888    0.01231    0.00819    0.00657    0.01751    0.00652
    0.00407    0.02038    0.00988    0.00303    0.01968    0.00328    0.00185
    0.01486    0.00679   -0.00046    0.02136   -0.00097   -0.00514    0.02381
   -0.00082   -0.00583    0.02048    0.00158   -0.00344    0.02177    0.00188
   -0.00394    0.02664   -0.00081   -0.00637    0.02731    0.00042   -0.00396
    0.02478   -0.00264   -0.00022    0.02534    0.00093   -0.00148    0.02117
    0.00583   -0.00152    0.02061    0.00701   -0.00005    0.02043    0.00841
    0.00018    0.02134    0.01429    0.00006    0.01860   -0.01796   -0.01271
    0.00363    0.02165    0.03947   -0.01170
