#Res        AtomicFlx
   1.000       5.1568
   2.000       3.8400
   3.000       1.6977
   4.000       1.0033
   5.000       0.7975
   6.000       0.6487
   7.000       0.5155
   8.000       0.4674
   9.000       0.4189
  10.000       0.4339
  11.000       0.4369
  12.000       0.4667
  13.000       0.5019
  14.000       0.5382
  15.000       0.5896
  16.000       0.6001
  17.000       0.5772
  18.000       0.7091
  19.000       0.5523
  20.000       0.5014
  21.000       0.6331
  22.000       0.5878
  23.000       0.5471
  24.000       0.6931
  25.000       0.7713
  26.000       0.7272
  27.000       0.7833
  28.000       0.6738
  29.000       0.6885
  30.000       0.5988
  31.000       0.6052
  32.000       0.5253
  33.000       0.4654
  34.000       0.4659
  35.000       0.4696
  36.000       0.4862
  37.000       0.5172
  38.000       0.6254
  39.000       0.6773
  40.000       0.7519
  41.000       0.7952
  42.000       0.6632
  43.000       0.5780
  44.000       0.7560
  45.000       0.7981
  46.000       0.7022
  47.000       0.6614
  48.000       0.7586
  49.000       0.7455
  50.000       0.7345
  51.000       0.9781
  52.000       1.3041
  53.000       1.0226
  54.000       0.6147
  55.000       0.5988
  56.000       0.5381
  57.000       0.5982
  58.000       0.6418
  59.000       0.6138
  60.000       0.5729
  61.000       0.6952
  62.000       0.7687
  63.000       0.6734
  64.000       0.8402
  65.000       0.8972
  66.000       0.9593
  67.000       0.7923
  68.000       0.7363
  69.000       0.9636
  70.000       0.9351
  71.000       0.7237
  72.000       0.6926
  73.000       0.6667
  74.000       0.5129
  75.000       0.4630
  76.000       0.4424
  77.000       0.4279
  78.000       0.4926
  79.000       0.9458
  80.000       0.7555
  81.000       0.6641
  82.000       0.6945
  83.000       0.7702
  84.000       0.7659
  85.000       1.1436
  86.000       1.1943
  87.000       1.0301
  88.000       1.1981
  89.000       1.0264
  90.000       0.8417
  91.000       1.0293
  92.000       1.0639
  93.000       1.2378
  94.000       1.5072
  95.000       1.4407
  96.000       0.9220
  97.000       1.0799
  98.000       1.4482
  99.000       1.3517
 100.000       1.1442
 101.000       1.1642
 102.000       0.9005
 103.000       0.6455
 104.000       0.5729
 105.000       0.5575
 106.000       0.5744
 107.000       0.5626
 108.000       0.5612
 109.000       0.5921
 110.000       0.5572
 111.000       0.5748
 112.000       0.7250
 113.000       0.8142
 114.000       0.6499
 115.000       0.7680
 116.000       0.9791
 117.000       1.6899
 118.000       2.3596
 119.000       2.5080
 120.000       1.7096
 121.000       1.5037
 122.000       1.0494
 123.000       0.8558
 124.000       0.5759
 125.000       0.4798
 126.000       0.4703
 127.000       0.4675
 128.000       0.4764
 129.000       0.5724
 130.000       0.6675
 131.000       0.6819
 132.000       0.6187
 133.000       0.7623
 134.000       0.8754
 135.000       1.0219
 136.000       1.0604
 137.000       1.0108
 138.000       0.8046
 139.000       0.7489
 140.000       0.8500
 141.000       0.7605
 142.000       0.6489
 143.000       0.7094
 144.000       0.8141
 145.000       0.7658
 146.000       0.7361
 147.000       0.8627
 148.000       0.8320
 149.000       0.8391
 150.000       0.6680
 151.000       0.6228
 152.000       0.6132
 153.000       0.5994
 154.000       0.6256
 155.000       0.7044
 156.000       0.6640
 157.000       0.8670
 158.000       0.8562
 159.000       0.7422
 160.000       0.7082
 161.000       0.7856
 162.000       0.6232
 163.000       0.6331
 164.000       0.5877
 165.000       0.5938
 166.000       0.5179
 167.000       0.5121
 168.000       0.4744
 169.000       0.4909
 170.000       0.5641
 171.000       0.6566
 172.000       0.8783
 173.000       1.1743
 174.000       0.9028
 175.000       1.3699
 176.000       1.3437
 177.000       1.4708
 178.000       1.4072
 179.000       2.2113
 180.000       2.9113
 181.000       3.8320
 182.000       3.5734
 183.000       3.5566
 184.000       3.0345
 185.000       2.9099
 186.000       1.2940
 187.000       1.0255
 188.000       0.7376
 189.000       0.8302
 190.000       0.9481
 191.000       0.8213
 192.000       0.8309
 193.000       1.0327
 194.000       1.3106
 195.000       1.3348
 196.000       1.0284
 197.000       0.9579
 198.000       0.7963
 199.000       0.8671
 200.000       0.8285
 201.000       0.8589
 202.000       0.7375
 203.000       0.8072
 204.000       0.7845
 205.000       0.8106
 206.000       0.8996
 207.000       0.9194
 208.000       0.9350
 209.000       0.8294
 210.000       1.1826
 211.000       1.1556
 212.000       0.8484
 213.000       0.7820
 214.000       0.8283
 215.000       1.9670
 216.000       3.4022
 217.000       2.6654
 218.000       1.6310
 219.000       1.2464
 220.000       1.0960
 221.000       0.8429
 222.000       0.7556
 223.000       0.7736
 224.000       1.0256
 225.000       1.2092
 226.000       1.6279
 227.000       1.6954
 228.000       1.3160
 229.000       1.0803
 230.000       0.9935
 231.000       0.9163
 232.000       0.8117
 233.000       0.9536
 234.000       1.0674
 235.000       0.9601
 236.000       0.7235
 237.000       0.7458
 238.000       0.7693
 239.000       0.7514
 240.000       0.7866
 241.000       0.8946
 242.000       0.8402
 243.000       0.8873
 244.000       0.9993
 245.000       1.2199
 246.000       1.2659
 247.000       0.9239
 248.000       0.9261
 249.000       1.1980
 250.000       1.0870
 251.000       1.5429
 252.000       2.5753
 253.000       1.7448
 254.000       1.8253
 255.000       1.9623
 256.000       1.6281
 257.000       1.3665
 258.000       1.4595
 259.000       1.6530
 260.000       1.4296
 261.000       1.3834
 262.000       1.5007
 263.000       1.5194
 264.000       1.5477
 265.000       1.5773
 266.000       1.4503
 267.000       1.2287
 268.000       0.6033
 269.000       0.8025
 270.000       0.6630
 271.000       0.6488
 272.000       0.6015
 273.000       0.6010
 274.000       0.5863
 275.000       0.5615
 276.000       0.6744
 277.000       0.7645
 278.000       0.6842
 279.000       0.7721
 280.000       0.8601
 281.000       0.7394
 282.000       0.6814
 283.000       0.7716
 284.000       0.9308
 285.000       1.7218
 307.000       1.5503
