#Res        AtomicFlx
   1.000       4.7186
   2.000       3.3395
   3.000       1.8410
   4.000       1.0127
   5.000       0.7645
   6.000       0.6069
   7.000       0.4780
   8.000       0.4390
   9.000       0.4016
  10.000       0.4378
  11.000       0.4566
  12.000       0.5666
  13.000       0.6855
  14.000       0.7386
  15.000       0.6783
  16.000       0.6153
  17.000       0.5685
  18.000       0.7573
  19.000       0.5881
  20.000       0.5073
  21.000       0.6618
  22.000       0.5790
  23.000       0.5427
  24.000       0.6964
  25.000       0.7430
  26.000       0.6898
  27.000       0.7631
  28.000       0.6348
  29.000       0.6449
  30.000       0.5596
  31.000       0.5698
  32.000       0.5136
  33.000       0.4739
  34.000       0.4836
  35.000       0.4912
  36.000       0.5533
  37.000       0.5793
  38.000       0.7183
  39.000       0.7360
  40.000       0.7363
  41.000       0.7392
  42.000       0.6280
  43.000       0.5762
  44.000       0.6671
  45.000       0.6237
  46.000       0.5916
  47.000       0.6311
  48.000       0.6526
  49.000       0.5790
  50.000       0.6003
  51.000       0.9418
  52.000       1.4752
  53.000       1.0835
  54.000       0.6490
  55.000       0.6167
  56.000       0.5773
  57.000       0.6639
  58.000       0.7129
  59.000       0.7817
  60.000       0.7756
  61.000       0.9852
  62.000       1.0233
  63.000       0.8886
  64.000       0.9736
  65.000       0.9257
  66.000       1.1409
  67.000       0.9790
  68.000       0.7346
  69.000       0.9983
  70.000       1.0382
  71.000       0.7373
  72.000       0.7083
  73.000       0.6858
  74.000       0.5177
  75.000       0.4443
  76.000       0.4247
  77.000       0.4318
  78.000       0.4977
  79.000       1.1048
  80.000       1.2568
  81.000       1.2522
  82.000       0.9784
  83.000       0.8267
  84.000       0.8504
  85.000       1.1148
  86.000       1.0440
  87.000       0.8646
  88.000       0.8847
  89.000       0.7204
  90.000       0.6429
  91.000       0.8024
  92.000       1.0353
  93.000       0.8900
  94.000       0.7914
  95.000       0.8500
  96.000       0.7781
  97.000       0.8278
  98.000       0.8806
  99.000       0.8284
 100.000       0.9894
 101.000       0.8708
 102.000       0.7358
 103.000       0.7721
 104.000       0.6906
 105.000       0.6430
 106.000       0.6644
 107.000       0.6250
 108.000       0.5995
 109.000       0.6301
 110.000       0.5948
 111.000       0.6030
 112.000       0.7254
 113.000       0.7994
 114.000       0.6451
 115.000       0.7708
 116.000       0.9364
 117.000       1.7412
 118.000       3.5473
 119.000       2.6670
 120.000       1.9116
 121.000       1.5037
 122.000       1.0112
 123.000       0.8051
 124.000       0.5583
 125.000       0.4591
 126.000       0.4525
 127.000       0.4697
 128.000       0.4676
 129.000       0.6006
 130.000       0.7459
 131.000       0.7773
 132.000       0.6195
 133.000       0.8947
 134.000       0.8870
 135.000       1.0633
 136.000       1.0551
 137.000       1.0428
 138.000       0.8792
 139.000       0.7760
 140.000       0.8689
 141.000       0.7758
 142.000       0.6962
 143.000       0.7331
 144.000       0.8264
 145.000       0.7727
 146.000       0.7468
 147.000       0.8567
 148.000       0.8633
 149.000       0.8888
 150.000       0.6530
 151.000       0.5492
 152.000       0.5036
 153.000       0.5170
 154.000       0.5762
 155.000       0.6018
 156.000       0.6588
 157.000       0.7911
 158.000       0.6809
 159.000       0.5917
 160.000       0.5478
 161.000       0.6395
 162.000       0.6288
 163.000       0.5767
 164.000       0.5610
 165.000       0.5122
 166.000       0.4722
 167.000       0.4682
 168.000       0.4628
 169.000       0.4747
 170.000       0.5559
 171.000       0.6526
 172.000       0.8441
 173.000       1.0732
 174.000       0.7843
 175.000       1.1105
 176.000       1.1447
 177.000       1.2313
 178.000       1.0680
 179.000       1.5750
 180.000       1.7648
 181.000       1.1818
 182.000       1.4584
 183.000       0.9555
 184.000       1.0089
 185.000       0.8429
 186.000       0.7463
 187.000       0.7551
 188.000       0.5988
 189.000       0.6653
 190.000       0.7202
 191.000       0.6295
 192.000       0.6698
 193.000       0.8424
 194.000       1.1077
 195.000       1.1634
 196.000       0.8645
 197.000       0.8134
 198.000       0.7109
 199.000       0.8366
 200.000       0.7582
 201.000       0.6981
 202.000       0.6065
 203.000       0.6299
 204.000       0.6613
 205.000       0.8583
 206.000       0.8923
 207.000       0.7351
 208.000       0.6700
 209.000       0.6963
 210.000       0.8004
 211.000       0.8419
 212.000       0.8038
 213.000       0.8072
 214.000       0.9261
 215.000       1.1117
 216.000       1.2202
 217.000       1.4921
 218.000       1.2897
 219.000       1.1937
 220.000       1.1608
 221.000       0.9240
 222.000       0.8321
 223.000       0.7632
 224.000       0.9355
 225.000       1.1598
 226.000       1.6078
 227.000       1.7116
 228.000       1.2657
 229.000       1.0363
 230.000       0.9765
 231.000       0.9611
 232.000       0.7298
 233.000       0.7766
 234.000       0.7810
 235.000       0.7510
 236.000       0.5781
 237.000       0.5850
 238.000       0.6005
 239.000       0.5950
 240.000       0.6764
 241.000       0.8304
 242.000       0.8049
 243.000       0.7895
 244.000       0.9014
 245.000       1.0546
 246.000       0.7986
 247.000       0.6585
 248.000       0.6572
 249.000       0.7808
 250.000       0.8271
 251.000       1.1896
 252.000       1.4589
 253.000       1.0481
 254.000       1.0527
 255.000       0.9858
 256.000       1.0046
 257.000       0.8675
 258.000       0.7110
 259.000       0.7519
 260.000       0.7770
 261.000       0.6737
 262.000       0.5947
 263.000       0.6843
 264.000       0.7388
 265.000       0.7521
 266.000       0.5815
 267.000       0.5885
 268.000       0.5615
 269.000       0.5821
 270.000       0.5674
 271.000       0.6326
 272.000       0.5667
 273.000       0.6021
 274.000       0.6002
 275.000       0.5641
 276.000       0.6803
 277.000       0.7777
 278.000       0.6657
 279.000       0.7520
 280.000       0.8280
 281.000       0.7165
 282.000       0.6522
 283.000       0.7445
 284.000       0.9142
 285.000       1.6500
 307.000       1.2431
