#Cluster WAVELET_00006[points] WAVELET_00006[minatm] WAVELET_00006[maxatm] WAVELET_00006[minfrm] WAVELET_00006[maxfrm] WAVELET_00006[avgval]
       0                 15024                  2762                  2831                 48324                 48933               182.830
       1                 14733                  1740                  1801                 23090                 23508               182.830
       2                 12466                  2762                  2830                 11823                 12261               129.280
       3                 11023                  2789                  2840                 11651                 12300               182.830
       4                  9931                  1737                  1806                 39176                 39673               182.830
       5                  9501                  2765                  2801                 39848                 40394               182.830
       6                  8877                  1232                  1349                  5822                  6193               129.280
       7                  8473                  2808                  2853                  1271                  1834               182.830
       8                  8456                  1290                  1376                  2373                  2715               182.830
       9                  8057                  2762                  2835                 24972                 25264               106.698
      10                  8023                   400                   416                 42032                 42933               182.830
      11                  7675                  2769                  2814                  1413                  1725               107.571
      12                  6394                   852                   865                 40974                 41551               182.830
      13                  5905                  2758                  2832                 37703                 37938               108.392
      14                  5670                  1472                  1483                 17497                 18177               182.830
      15                  5513                  3879                  3949                 41629                 41916               129.280
      16                  5429                   400                   416                 38158                 38641               182.830
      17                  5339                   276                   290                 43302                 43848               182.830
      18                  5276                  1132                  1169                 13159                 13732               182.830
      19                  4998                  1426                  1483                  4103                  4548               182.830
      20                  4820                  2768                  2833                 11691                 11979               153.741
      21                  4571                  1669                  1689                 40782                 41362               182.830
      22                  4440                  1443                  1485                  6678                  7001               153.741
      23                  4353                  3935                  3988                 21778                 22139               182.830
      24                  4244                  1295                  1351                   516                   779               129.280
      25                  4224                  3528                  3594                 37712                 37925               182.830
      26                  4152                  4479                  4495                 44879                 45290               153.741
      27                  4131                  1742                  1785                 33777                 34043               153.741
      28                  4032                  1117                  1141                 40281                 40703               153.741
      29                  3963                  1747                  1783                 14195                 14494               102.426
      30                  3936                  2770                  2831                 12903                 13073                95.800
      31                  3897                   400                   416                 39929                 40416               182.830
      32                  3874                   933                   945                 41289                 41746               182.830
      33                  3821                   551                   624                 48371                 48541               153.741
      34                  3675                   400                   416                 41362                 41703               182.830
      35                  3566                   923                   945                  7200                  7560               182.830
      36                  3543                  3914                  3986                 37720                 37963               182.830
      37                  3449                  3967                  3995                 15274                 15658               153.741
      38                  3403                  1132                  1141                 27751                 28167               182.830
      39                  3383                  1332                  1347                  3538                  3863               182.830
      40                  3376                  2176                  2192                  8833                  9140               129.280
      41                  3323                  3904                  3931                 43400                 43724               153.741
      42                  3304                  2765                  2815                 37017                 37324               182.830
      43                  3261                  3841                  3914                 37720                 37875               182.830
      44                  3188                  4393                  4399                 34550                 35034               182.830
      45                  3159                   402                   416                 14385                 14729               182.830
      46                  3125                  1132                  1141                 20103                 20461               153.741
      47                  3123                  3536                  3545                 19382                 19780               153.741
      48                  3090                  1434                  1476                  3817                  4022               182.830
      49                  3050                  4478                  4492                 43550                 43914               182.830
      50                  2952                  2793                  2835                 37422                 37679               153.741
      51                  2926                   402                   416                 18316                 18623               182.830
      52                  2908                   720                   733                  7100                  7416               129.280
      53                  2905                  1472                  1483                  2380                  2768               182.830
      54                  2874                   402                   416                 22345                 22706               182.830
      55                  2870                  2177                  2211                     1                   254               182.830
      56                  2817                   260                   286                  8641                  9006               182.830
      57                  2808                  2000                  2049                   512                   886               153.741
      58                  2793                  3810                  3827                 25115                 25437               182.830
      59                  2756                  2904                  2929                 11980                 12293               182.830
      60                  2740                  1120                  1142                 31963                 32311                86.823
      61                  2709                  2768                  2801                 28967                 29164               104.479
      62                  2696                  2762                  2829                 24246                 24431                64.939
      63                  2661                  1775                  1806                 44987                 45238               182.830
      64                  2630                   400                   416                 10741                 11024               182.830
      65                  2627                   391                   416                 20001                 20273               129.280
      66                  2621                  3891                  3918                 43227                 43568               182.830
      67                  2614                   551                   625                 48041                 48205               153.741
      68                  2608                   278                   290                 49145                 49491               182.830
      69                  2602                  2760                  2801                 23903                 24162               182.830
      70                  2568                  3395                  3481                 37721                 37861               182.830
      71                  2567                  3350                  3361                 11862                 12171               182.830
      72                  2564                   276                   290                 11221                 11489               129.280
      73                  2532                  1133                  1141                 30424                 30801               182.830
      74                  2523                  3891                  3936                 35470                 35692               153.741
      75                  2518                  1744                  1799                  1679                  1843               153.741
      76                  2488                  2756                  2810                 37505                 37677                91.074
      77                  2433                  1810                  1834                 20265                 20501               129.280
      78                  2350                  1190                  1232                  1466                  1782               182.830
      79                  2350                  1186                  1243                  1939                  2162               153.741
      80                  2348                   276                   290                 41449                 41691               108.505
      81                  2267                  1197                  1210                 38791                 39108               182.830
      82                  2266                  1744                  1802                  1853                  2005               182.830
      83                  2257                  1132                  1141                   816                  1098               153.741
      84                  2220                  4062                  4074                 14406                 14718               107.722
      85                  2187                   970                   993                 13466                 13785               182.830
      86                  2181                   721                   733                 32880                 33168               182.830
      87                  2165                  2683                  2699                  6982                  7227               153.741
      88                  2160                   974                   997                 28555                 28874               182.830
      89                  2120                  3296                  3339                  8872                  9059               108.678
      90                  2118                  3557                  3592                 14639                 14935               153.741
      91                  2100                  1473                  1483                 30047                 30343               182.830
      92                  2067                   933                   945                   979                  1232               182.830
      93                  2065                  4393                  4399                 27925                 28249               182.830
      94                  2059                    33                    41                 19732                 19986               182.830
      95                  2007                  3019                  3064                 37148                 37312               182.830
      96                  1959                  4036                  4091                 41536                 41739               129.280
      97                  1952                  1133                  1141                 29429                 29688                86.005
      98                  1946                  1292                  1349                  6100                  6227               108.711
      99                  1933                  4475                  4494                 44795                 45009               182.830
     100                  1932                   701                   732                 23386                 23609               153.741
     101                  1927                  2811                  2835                 25141                 25312               129.280
     102                  1915                   276                   290                 46123                 46388               129.280
     103                  1909                  1669                  1677                 26410                 26676               107.606
     104                  1841                   853                   865                  7475                  7703               182.830
     105                  1823                  1359                  1398                  6113                  6304               182.830
     106                  1784                  2863                  2884                 37083                 37321               129.280
     107                  1753                  2770                  2816                  1653                  1778               129.280
     108                  1752                  2902                  2940                 36457                 36615               182.830
     109                  1734                  3122                  3153                 48483                 48702               153.741
     110                  1716                   401                   416                 30157                 30370               182.830
     111                  1713                   400                   416                 45282                 45521               182.830
     112                  1702                  1186                  1210                  5910                  6089               129.280
     113                  1689                  2796                  2835                 37686                 37838               129.280
     114                  1681                   511                   589                 49895                 50000               182.830
     115                  1652                  2759                  2775                 41700                 41902               182.830
     116                  1637                  2180                  2192                 20160                 20359               129.280
     117                  1633                  3682                  3691                 28875                 29090               102.790
     118                  1619                   408                   416                 29892                 30121               153.741
     119                  1611                   373                   392                 16632                 16869               153.741
     120                  1590                  1340                  1364                     1                   215               182.830
     121                  1580                  2000                  2007                 44258                 44502               153.741
     122                  1574                  2770                  2816                 29084                 29223               129.280
     123                  1570                  4051                  4084                 35538                 35697               182.830
     124                  1557                  2088                  2102                   233                   466               182.830
     125                  1557                  3533                  3545                 36996                 37216               129.280
     126                  1556                   719                   732                 40744                 40987               182.830
     127                  1552                  1799                  1829                  7651                  7851               182.830
     128                  1536                   719                   732                 23551                 23758               182.830
     129                  1533                   719                   732                 28078                 28280               129.280
     130                  1528                  1434                  1463                  3597                  3780               129.280
     131                  1513                   451                   466                 10487                 10715               182.830
     132                  1502                  1242                  1256                  8544                  8759               182.830
     133                  1502                  2050                  2068                 30230                 30458               182.830
     134                  1495                  3565                  3590                 15458                 15634               182.830
     135                  1493                  1669                  1677                 19352                 19571               153.741
     136                  1475                  2294                  2300                   819                  1055               182.830
     137                  1456                  2775                  2815                 37471                 37617               182.830
     138                  1426                  3378                  3406                  9189                  9395               182.830
     139                  1416                  3031                  3064                 37335                 37502               182.830
     140                  1413                   403                   416                 31239                 31420                97.525
     141                  1409                   402                   416                 38996                 39194               182.830
     142                  1399                  1291                  1312                 19989                 20132               129.280
     143                  1398                   276                   290                   582                   797               129.280
     144                  1392                  1291                  1312                 27428                 27581               153.741
     145                  1387                  1987                  2007                 43088                 43313               182.830
     146                  1383                  1530                  1557                 43418                 43599               182.830
     147                  1376                   276                   290                 22333                 22530               129.280
     148                  1374                  2181                  2192                 19251                 19436               182.830
     149                  1363                  1530                  1539                 43228                 43418               182.830
     150                  1353                  3983                  4013                 44161                 44282                95.723
     151                  1347                   406                   416                 41202                 41387               153.741
     152                  1346                  1133                  1141                 33977                 34169               108.711
     153                  1342                  2178                  2189                 12403                 12617               153.741
     154                  1332                  2902                  2929                 36306                 36448               182.830
     155                  1324                   990                  1018                 49784                 49944               182.830
     156                  1319                  4393                  4399                 39086                 39291               182.830
     157                  1315                  2815                  2831                  4698                  4902               129.280
     158                  1307                  4480                  4494                 22182                 22337               129.280
     159                  1306                  3144                  3159                 37668                 37843               182.830
     160                  1267                  4369                  4399                 41296                 41438               182.830
     161                  1259                  1133                  1141                 11810                 12009               129.280
     162                  1257                  2181                  2192                 39718                 39898               182.830
     163                  1251                  1133                  1141                 34705                 34874               129.280
     164                  1236                  1020                  1037                 21290                 21439               182.830
     165                  1234                  1363                  1369                 47758                 47967               182.830
     166                  1228                  1743                  1776                 26289                 26425               129.280
     167                  1223                  3989                  3999                 13552                 13744               182.830
     168                  1223                  2382                  2429                 23884                 24002               182.830
     169                  1206                   402                   416                 28877                 29058               182.830
     170                  1198                  3134                  3171                 43493                 43631               129.280
     171                  1195                  2691                  2699                  2766                  2968               129.280
     172                  1189                   282                   290                 11053                 11238               153.741
     173                  1188                  2770                  2789                 12472                 12610               129.280
     174                  1187                  2798                  2828                  9870                 10026               182.830
     175                  1185                  2630                  2656                    24                   208               129.280
     176                  1169                  1132                  1158                 12624                 12778               182.830
     177                  1158                  3894                  3918                   283                   461               153.741
     178                  1155                  2822                  2831                 24715                 24887               182.830
     179                  1149                  2181                  2192                 22926                 23083               182.830
     180                  1142                  4480                  4492                 20624                 20775               182.830
     181                  1142                  3810                  3827                 24928                 25100               182.830
     182                  1141                  2832                  2874                 25831                 25944               107.589
     183                  1131                  1251                  1276                 12538                 12662               182.830
     184                  1126                  3187                  3213                     1                   139               182.830
     185                  1126                  1823                  1829                  7459                  7640               153.741
     186                  1119                  3054                  3060                 22465                 22651               108.711
     187                  1111                  1024                  1037                   545                   684               182.830
     188                  1107                  1280                  1311                 38862                 39020                91.415
     189                  1097                  3990                  3999                  6560                  6708               129.280
     190                  1095                  4385                  4392                 30674                 30853               182.830
     191                  1092                  3073                  3080                  7534                  7701               182.830
     192                  1074                  4068                  4074                  8165                  8351               153.741
     193                  1072                  3566                  3593                 19932                 20069               153.741
     194                  1071                  4393                  4399                 41679                 41853               108.711
     195                  1061                   933                   945                  5039                  5189               153.741
     196                  1055                  4468                  4478                 13055                 13210               182.830
     197                  1052                   933                   945                 33770                 33910               182.830
     198                  1049                    33                    41                 20118                 20273               182.830
     199                  1047                   722                   732                  1515                  1658               106.299
     200                  1041                  3972                  3980                 25863                 26019               182.830
     201                  1041                  2241                  2246                 26874                 27053               182.830
     202                  1037                  3966                  3979                 38294                 38451               182.830
     203                  1037                  1472                  1483                 47367                 47501                76.870
     204                  1036                  3810                  3840                 34857                 34989               182.830
     205                  1033                   697                   722                 21368                 21543               182.830
     206                  1028                  1133                  1141                 32573                 32744               129.280
     207                  1024                  4369                  4377                 41096                 41270               182.830
     208                  1021                  2772                  2831                 12838                 12910                90.852
     209                  1015                  2770                  2785                 12611                 12737               129.280
     210                  1013                  1815                  1829                 19135                 19277               182.830
     211                  1012                   923                   945                  7561                  7714               182.830
     212                  1010                  1740                  1782                 13573                 13672                90.896
     213                  1004                  3909                  3951                 41845                 41941               153.741
     214                  1003                  2841                  2850                  7598                  7763               182.830
     215                  1003                   241                   249                 40709                 40854               182.830
     216                   998                  2607                  2638                     2                   110                64.321
     217                   993                  3990                  3999                  8474                  8634               182.830
     218                   985                  4024                  4059                 37719                 37862               182.830
     219                   984                  4393                  4399                 14755                 14913                92.557
     220                   976                  4144                  4156                   106                   259               182.830
     221                   976                  4036                  4078                 44199                 44295               104.405
     222                   969                  1133                  1141                 20574                 20716                64.640
     223                   962                  3051                  3060                 46133                 46267               182.830
     224                   959                  3718                  3730                 24726                 24867               182.830
     225                   957                  1708                  1741                 21334                 21458               182.830
     226                   951                  1427                  1469                  3666                  3781               182.830
     227                   944                  1738                  1754                 29662                 29765               101.309
     228                   944                  3989                  3999                 48456                 48605               129.280
     229                   940                  1384                  1397                  3245                  3380               182.830
     230                   929                  3400                  3407                  7410                  7549               182.830
     231                   924                  4259                  4317                     1                    74               182.830
     232                   922                   932                   945                  8970                  9115               182.830
     233                   919                  1775                  1806                 45186                 45300               153.741
     234                   917                  2049                  2057                 12840                 12993               182.830
     235                   915                   276                   302                 48194                 48336               182.830
     236                   914                  4386                  4399                 28588                 28708               108.711
     237                   908                  2096                  2123                 12222                 12365               182.830
     238                   908                  1133                  1141                 13713                 13850               153.741
     239                   907                  3136                  3189                 39109                 39235               182.830
     240                   906                  4386                  4399                 23526                 23666               182.830
     241                   904                  2293                  2301                 28270                 28424               108.711
     242                   901                   276                   287                 40268                 40400               182.830
     243                   891                   495                   518                    77                   190               129.280
     244                   883                  3395                  3426                 38703                 38819               182.830
     245                   881                   697                   704                 33488                 33638               182.830
     246                   876                  2853                  2885                 28029                 28136               182.830
     247                   874                  4062                  4074                 37331                 37463               153.741
     248                   872                  3735                  3770                    36                   144               182.830
     249                   868                  2841                  2850                  7772                  7920               182.830
     250                   866                  1290                  1317                 24632                 24712                91.758
     251                   865                   857                   865                  6993                  7104               153.741
     252                   860                  3718                  3730                 24583                 24719               182.830
     253                   856                   278                   290                  4146                  4274               108.125
     254                   854                   408                   416                 41060                 41195               153.741
     255                   852                  1813                  1829                 25554                 25694               182.830
     256                   849                  1384                  1397                  3073                  3216               182.830
     257                   847                  2050                  2057                 17431                 17568               182.830
     258                   843                  3562                  3576                 48012                 48141               182.830
     259                   828                   933                   945                 17779                 17881               182.830
     260                   828                  3843                  3893                 37884                 37980               182.830
     261                   808                   276                   290                 27863                 27968                97.194
     262                   803                  1028                  1037                 21277                 21389               153.741
     263                   803                   408                   416                 24495                 24613                91.415
     264                   803                  1763                  1793                 39414                 39538               153.741
     265                   797                   991                  1018                 49687                 49775               182.830
     266                   790                  1133                  1141                 11686                 11812               153.741
     267                   790                  3232                  3238                 33819                 33943               153.741
     268                   784                  1812                  1829                 20428                 20550               108.711
     269                   783                  2866                  2888                 23740                 23841               153.741
     270                   782                   408                   416                 49604                 49739               182.830
     271                   774                  2703                  2739                 23916                 24005               153.741
     272                   772                  2784                  2800                 34175                 34268               107.479
     273                   771                  2770                  2794                 37200                 37313               153.741
     274                   769                  4386                  4396                 23697                 23825               182.830
     275                   769                  1372                  1383                 38765                 38879               182.830
     276                   766                  2812                  2833                 12001                 12109               153.741
     277                   763                  4244                  4250                 48925                 49055               182.830
     278                   761                  1775                  1783                 11197                 11309               129.280
     279                   759                  2049                  2057                 31922                 32044               182.830
     280                   751                  3137                  3153                 40959                 41080                90.601
     281                   750                  2755                  2794                 11991                 12089               108.711
     282                   750                  3102                  3129                 42333                 42445               129.280
     283                   748                   696                   704                 37578                 37704               129.280
     284                   747                   310                   319                  2979                  3094               182.830
     285                   738                  1257                  1276                  7675                  7792               153.741
     286                   734                  2370                  2381                 27301                 27428               182.830
     287                   731                   292                   317                     1                    83               182.830
     288                   729                  2894                  2901                 49130                 49256               182.830
     289                   728                  1669                  1688                 44547                 44663               182.830
     290                   727                  2368                  2381                 15669                 15768                92.771
     291                   716                  3145                  3153                  9707                  9830               153.741
     292                   699                   923                   945                   909                  1014               153.741
     293                   691                  2096                  2123                 12380                 12493               182.830
     294                   691                  1291                  1312                 27607                 27707               153.741
     295                   689                  3681                  3703                     1                   105               182.830
     296                   689                  2822                  2831                 24601                 24709               182.830
     297                   688                  1357                  1369                  3816                  3915               153.741
     298                   687                  3400                  3407                  7248                  7358               182.830
     299                   683                  4393                  4399                 18547                 18658               182.830
     300                   682                  3073                  3080                  7701                  7805               182.830
     301                   682                  3350                  3360                 15215                 15321               153.741
     302                   681                  1473                  1483                  2947                  3059                91.415
     303                   678                  1133                  1141                 20447                 20561               129.280
     304                   677                  3891                  3901                 35374                 35485               182.830
     305                   671                  3815                  3822                  2829                  2944               182.830
     306                   670                   280                   302                  8938                  9045               107.446
     307                   669                  2114                  2123                 11292                 11403               182.830
     308                   667                   673                   718                    30                    89                76.870
     309                   665                   939                   945                  5217                  5320               153.741
     310                   661                  3972                  3980                   777                   883               182.830
     311                   658                   408                   416                 26106                 26219               129.280
     312                   654                   276                   287                  9907                 10014               182.830
     313                   652                   260                   267                  8494                  8601               182.830
     314                   651                  2037                  2057                   682                   780               129.280
     315                   649                  1715                  1723                 36508                 36616               153.741
     316                   648                  3867                  3885                 26655                 26751               153.741
     317                   646                  4133                  4143                    58                   144               101.357
     318                   646                  3349                  3360                  3583                  3690               153.741
     319                   646                  1029                  1036                 19067                 19165               129.280
     320                   645                  4058                  4070                 49890                 50000               182.830
     321                   643                  2793                  2831                 37612                 37680               129.280
     322                   640                  3810                  3825                 49170                 49244                88.403
     323                   634                  4132                  4143                 24605                 24698                62.729
     324                   634                  4042                  4050                 27711                 27820               182.830
     325                   633                  4132                  4143                 47056                 47163               182.830
     326                   628                  3127                  3155                 15101                 15199               153.741
     327                   626                  1999                  2007                 26053                 26161                76.870
     328                   619                  2459                  2485                    89                   185               182.830
     329                   616                  4304                  4312                  1116                  1220               182.830
     330                   616                  3145                  3153                  9516                  9622               182.830
     331                   614                   280                   300                  9041                  9120                86.618
     332                   613                   546                   582                 48496                 48586               182.830
     333                   609                  4393                  4399                 27825                 27924               182.830
     334                   607                   950                   970                   444                   532                90.121
     335                   607                  1429                  1453                  7868                  7961               182.830
     336                   607                  1290                  1312                 24707                 24782                93.153
     337                   605                  1295                  1324                 26813                 26879               104.623
     338                   604                  1244                  1253                  1635                  1732               108.711
     339                   598                  2050                  2056                 30892                 30995               182.830
     340                   596                  1472                  1483                 10610                 10688                80.200
     341                   592                   950                   970                   527                   614                91.853
     342                   588                  1006                  1037                   526                   591                89.822
     343                   586                  4012                  4036                 41580                 41672               129.280
     344                   584                  1188                  1230                  2170                  2241               153.741
     345                   583                  2184                  2192                 22831                 22925               182.830
     346                   582                   932                   945                  3958                  4048               129.280
     347                   582                   933                   944                 25528                 25622               182.830
     348                   582                  3810                  3824                 39522                 39607                76.870
     349                   580                   310                   319                  2768                  2868               182.830
     350                   580                  1999                  2007                 42030                 42130               153.741
     351                   578                  1026                  1037                   384                   475               182.830
     352                   576                  1740                  1782                 13670                 13739                91.415
     353                   576                  3990                  3999                 29343                 29436                91.415
     354                   572                  1318                  1349                  5757                  5825                80.023
     355                   571                  4386                  4392                 30538                 30637               182.830
     356                   570                   405                   413                  2529                  2627               129.280
     357                   569                   936                   945                  3842                  3926               129.280
     358                   568                  3562                  3576                 47856                 47947               182.830
     359                   566                  3611                  3624                  9177                  9264               153.741
     360                   563                  2186                  2192                  9700                  9797               182.830
     361                   562                  1747                  1782                 14509                 14569                99.447
     362                   560                  2354                  2384                 23904                 23991               182.830
     363                   560                  1738                  1762                 35506                 35590               129.280
     364                   556                   280                   290                 33697                 33787                91.415
     365                   556                  3972                  3980                 33869                 33965               182.830
     366                   553                   932                   944                  4491                  4586               153.741
     367                   552                  1132                  1141                  4980                  5070                64.640
     368                   550                   699                   704                 22955                 23050               182.830
     369                   549                  1434                  1454                  4583                  4658               182.830
     370                   546                  2368                  2381                 15594                 15668                93.632
     371                   544                  2894                  2901                 28039                 28131               129.280
     372                   543                  3990                  3999                 29258                 29343                80.594
     373                   542                  2485                  2510                   526                   589                92.662
     374                   541                  1133                  1140                 18379                 18468                64.640
     375                   540                  1295                  1334                  5831                  5883                32.170
     376                   538                  2267                  2300                  3984                  4069               182.830
     377                   536                  1133                  1140                  4310                  4400                91.415
     378                   536                  3296                  3319                 38713                 38786               182.830
     379                   529                  3961                  3982                 11669                 11751               182.830
     380                   529                  1711                  1723                 47796                 47883               107.730
     381                   526                  1006                  1037                   445                   504                86.742
     382                   526                   921                   945                 10424                 10509               129.280
     383                   525                   970                   977                 26287                 26379               182.830
     384                   524                   279                   290                  3624                  3711               182.830
     385                   521                   933                   945                 12613                 12674                85.189
     386                   519                  1372                  1399                  6009                  6071               129.280
     387                   518                  2779                  2800                 24163                 24242               182.830
     388                   518                   276                   290                 27958                 28039               106.641
     389                   518                   696                   704                 29901                 29986               107.008
     390                   517                  4265                  4278                 24264                 24351               182.830
     391                   516                  3906                  3918                 20065                 20144                87.694
     392                   515                  1810                  1825                 20209                 20292               153.741
     393                   515                  4392                  4399                 25693                 25780               108.711
     394                   512                  1253                  1292                  5766                  5824               129.280
     395                   512                   402                   413                 18296                 18382               153.741
     396                   510                  3989                  3999                 48262                 48348               108.711
     397                   509                  1297                  1311                 29759                 29838               129.280
     398                   509                  4393                  4399                 38491                 38579               153.741
     399                   509                  4479                  4495                 40827                 40912               182.830
     400                   508                  1382                  1393                  6888                  6974               129.280
     401                   508                   408                   416                 37359                 37447               182.830
     402                   507                  1295                  1323                 26710                 26788               108.097
     403                   506                  2688                  2696                  3911                  3989                86.500
     404                   505                   933                   941                 40554                 40641               153.741
     405                   503                   278                   290                  4274                  4343                94.038
     406                   503                   931                   945                  6364                  6446               108.711
     407                   500                  4244                  4251                 49135                 49221               182.830
     408                   499                   655                   670                 24255                 24328               108.711
     409                   497                   915                   946                     2                    58                98.375
     410                   496                   933                   945                  2368                  2434                91.763
     411                   496                  1357                  1369                  3708                  3787               153.741
     412                   496                  2688                  2696                  7972                  8056               108.711
     413                   495                  4386                  4394                 27709                 27793               153.741
     414                   495                   276                   286                 41647                 41731               129.280
     415                   493                   206                   214                  9704                  9772                79.627
     416                   491                  3973                  3993                  9316                  9396               129.280
     417                   490                  2050                  2057                 49368                 49453               182.830
     418                   487                  4024                  4033                 42209                 42292               182.830
     419                   486                  4060                  4069                 28193                 28277               129.280
     420                   486                  1384                  1410                 31441                 31520               182.830
     421                   484                  3565                  3576                 15680                 15763               182.830
     422                   484                  3189                  3198                 37610                 37694               182.830
     423                   477                  1213                  1222                  1642                  1720               153.741
     424                   477                  4062                  4074                 37483                 37565               153.741
     425                   476                  1530                  1539                 34647                 34728               182.830
     426                   475                  1211                  1221                  4021                  4100               108.711
     427                   475                  2181                  2192                 39948                 40030               182.830
     428                   467                  1133                  1141                 19616                 19694                56.492
     429                   467                  2771                  2792                 28926                 29003               182.830
     430                   466                  4133                  4143                     1                    63                92.710
     431                   466                  4269                  4278                    99                   179               182.830
     432                   466                  4060                  4074                 28315                 28391               129.280
     433                   462                   276                   289                  6887                  6967               182.830
     434                   461                  2814                  2827                 33396                 33473               182.830
     435                   455                   936                   945                 10284                 10362               153.741
     436                   455                   933                   942                 44051                 44123               129.280
     437                   455                  3316                  3330                 45280                 45352               129.280
     438                   454                  2037                  2057                   779                   846               129.280
     439                   454                   357                   363                 30189                 30268               182.830
     440                   451                   936                   945                  4972                  5038               153.741
     441                   447                  3906                  3918                 19995                 20065                91.415
     442                   446                  3889                  3903                  4444                  4521                91.415
     443                   445                  1047                  1060                 22373                 22446                45.602
     444                   444                  2825                  2831                  4903                  4980               129.280
     445                   444                  2050                  2057                 17277                 17354               182.830
     446                   444                  4479                  4489                 28765                 28842               182.830
     447                   442                   373                   380                 16468                 16544               182.830
     448                   442                  2293                  2301                 21546                 21623               182.830
     449                   441                  2819                  2831                  1403                  1479               129.280
     450                   440                  4387                  4399                 28714                 28788               108.711
     451                   439                  4133                  4143                 46858                 46932               129.280
     452                   437                   931                   945                  6273                  6349               108.711
     453                   433                   410                   416                 18053                 18121                85.503
     454                   432                  2822                  2831                  1542                  1617               153.741
     455                   430                  4058                  4070                     1                    69               182.830
     456                   425                   934                   945                 40546                 40620               182.830
     457                   425                  2050                  2057                 46066                 46140               153.741
     458                   424                  4024                  4033                 42032                 42106               182.830
     459                   423                   932                   944                  4390                  4463               153.741
     460                   423                  4393                  4399                 29680                 29754               129.280
     461                   418                  1028                  1037                 21003                 21064               153.741
     462                   417                   242                   249                 40574                 40647               182.830
     463                   416                   276                   290                 36724                 36797               182.830
     464                   414                   279                   290                  3485                  3557               182.830
     465                   414                  4051                  4063                  3737                  3809               129.280
     466                   413                  1186                  1198                  3572                  3641                91.415
     467                   413                  1753                  1785                 16250                 16292                76.870
     468                   408                  3972                  3980                 28894                 28965               108.711
     469                   406                   760                   769                 11441                 11512               153.741
     470                   404                  1272                  1293                 49044                 49112               182.830
     471                   401                   990                  1016                     1                    53               182.830
     472                   396                  2722                  2732                 18649                 18718               182.830
     473                   395                   278                   290                 46389                 46458               129.280
     474                   392                  2272                  2288                 13195                 13262               153.741
     475                   391                  1351                  1376                  2875                  2933               129.280
     476                   387                  2036                  2057                   660                   724               108.711
     477                   387                  1775                  1783                 11123                 11188               129.280
     478                   384                  1426                  1442                  6132                  6198               153.741
     479                   384                  4393                  4399                 15284                 15351               182.830
     480                   381                  1753                  1782                 16325                 16376                87.731
     481                   380                  4472                  4494                 33970                 34034               182.830
     482                   380                  3905                  3935                 40058                 40107                93.736
     483                   378                  3458                  3464                 14814                 14880               153.741
     484                   370                   276                   290                 47496                 47562               108.711
     485                   363                  2688                  2696                  3996                  4061                91.415
     486                   363                   280                   290                 23639                 23702                91.415
     487                   361                   934                   945                 17575                 17641               182.830
     488                   360                  1698                  1723                   650                   712               182.830
     489                   359                  1132                  1141                  1073                  1138               182.830
     490                   358                   934                   945                 19134                 19197                91.415
     491                   353                  3891                  3913                 35685                 35746               182.830
     492                   352                  3989                  3999                 13749                 13812               182.830
     493                   352                   991                   997                 31416                 31478               153.741
     494                   349                  1030                  1036                 19183                 19246               129.280
     495                   346                  3420                  3425                  3577                  3638               153.741
     496                   346                  3990                  3999                  9955                 10016               182.830
     497                   346                  4390                  4399                 11649                 11710                91.331
     498                   343                  2772                  2800                 33823                 33869                32.320
     499                   341                  3990                  3998                 20761                 20821                78.704
     500                   341                  3989                  3999                 48347                 48408               108.711
     501                   340                  1745                  1759                 45997                 46056               153.741
     502                   339                  3393                  3424                  8474                  8533               153.741
     503                   339                  2180                  2192                  9143                  9202               129.280
     504                   336                  4053                  4075                  3635                  3693               153.741
     505                   336                  1133                  1140                 16880                 16939               153.741
     506                   335                  2626                  2638                   121                   174                55.645
     507                   334                  1303                  1313                 19936                 19992               108.711
     508                   333                   936                   945                  7914                  7970                76.870
     509                   333                  4484                  4492                 22114                 22174               129.280
     510                   332                  2293                  2301                 21642                 21700               182.830
     511                   329                  1434                  1456                  8633                  8687                91.415
     512                   328                  3349                  3360                  3737                  3797               129.280
     513                   326                   410                   416                 17982                 18037                78.878
     514                   324                  2821                  2829                  5722                  5777                89.664
     515                   323                  1815                  1826                 19040                 19095               182.830
     516                   323                  2182                  2192                 19496                 19553               182.830
     517                   322                   498                   518                     1                    52               153.741
     518                   321                  2874                  2884                  8456                  8507                64.223
     519                   320                   276                   287                 10015                 10071               182.830
     520                   320                   276                   286                 48088                 48145               182.830
     521                   319                  4387                  4398                 11727                 11781                81.703
     522                   319                   278                   290                 23731                 23787                77.322
     523                   316                  4393                  4399                 47122                 47177                76.870
     524                   315                  1473                  1501                 12226                 12279               153.741
     525                   311                  2050                  2057                 46181                 46236               153.741
     526                   311                  4133                  4143                 46995                 47050               129.280
     527                   310                   402                   416                 28694                 28752                91.415
     528                   310                  2780                  2799                 49708                 49764               182.830
     529                   309                   936                   945                 13763                 13807               103.170
     530                   308                  3393                  3413                  8340                  8392               153.741
     531                   308                  3990                  3999                 21211                 21265               153.741
     532                   307                  1134                  1158                 13104                 13156               182.830
     533                   305                  3138                  3159                 43632                 43683               129.280
     534                   304                  4393                  4399                 24178                 24228                70.836
     535                   301                  2267                  2300                  4151                  4202               182.830
     536                   301                  2720                  2732                  4651                  4704               129.280
     537                   301                  2825                  2831                  5033                  5086               129.280
     538                   300                  4393                  4399                 32876                 32929                91.415
     539                   297                  1354                  1365                 21999                 22045                75.149
     540                   297                  2786                  2812                 33288                 33336               129.280
     541                   296                  2050                  2065                  5943                  5994               182.830
     542                   295                   560                   589                    46                    96               182.830
     543                   295                   936                   945                 12536                 12579                78.941
     544                   295                  1753                  1759                 49909                 49961                76.870
     545                   293                  4393                  4399                 18066                 18120               129.280
     546                   292                  1133                  1141                 34529                 34581                64.640
     547                   291                   278                   290                 27476                 27518                61.458
     548                   291                   934                   944                 43684                 43731                91.415
     549                   290                   276                   289                 27809                 27863               107.638
     550                   290                  4012                  4017                 41676                 41726               129.280
     551                   289                  2787                  2797                 29140                 29191               153.741
     552                   287                  3468                  3475                 36172                 36223               153.741
     553                   286                   932                   941                 16062                 16112               129.280
     554                   285                   934                   945                 19070                 19116                91.415
     555                   285                  1024                  1037                 27986                 28027                70.218
     556                   283                  2947                  2962                  5074                  5123               182.830
     557                   282                   408                   416                 49740                 49790               182.830
     558                   281                   560                   589                    92                   141               182.830
     559                   277                  1297                  1311                 29738                 29790               153.741
     560                   273                  2467                  2497                   432                   478               129.280
     561                   272                  4051                  4076                  3588                  3633               153.741
     562                   270                  4393                  4399                 24125                 24175                64.640
     563                   268                  4128                  4143                 24899                 24946               182.830
     564                   260                  2772                  2799                  1744                  1793               153.741
     565                   257                  3145                  3153                 40890                 40936                76.870
     566                   257                  4047                  4075                 44154                 44199               107.971
     567                   256                  1987                  2007                 43399                 43443               182.830
     568                   252                   934                   945                  2280                  2325                91.415
     569                   251                   936                   945                  7842                  7884                89.557
     570                   247                  2050                  2057                 22822                 22865               182.830
     571                   244                  1023                  1037                 28048                 28087                64.137
     572                   244                  1738                  1752                 29615                 29656                95.739
     573                   244                   934                   945                 40476                 40515               182.830
     574                   243                  4387                  4399                 23447                 23489               182.830
     575                   238                  4387                  4396                 33743                 33784               129.280
     576                   237                  2784                  2800                 34109                 34152               108.127
     577                   235                   402                   415                 19987                 20028               153.741
     578                   233                   511                   540                     1                    38               182.830
     579                   232                   373                   379                 37379                 37419               108.711
     580                   229                  1297                  1311                 29873                 29912               129.280
