Res     CDM
634	0.5026
635	0.4735
636	0.4048
637	0.447
638	0.4248
639	0.4852
640	0.527
641	0.465
642	0.5608
643	0.5376
644	0.4538
645	0.4543
646	0.4539
647	0.4044
648	0.4433
649	0.4809
650	0.48
651	0.5609
652	0.6482
653	0.6455
654	0.6703
655	0.5852
656	0.5979
657	0.5482
658	0.6028
659	0.5385
660	0.4447
661	0.4696
662	0.4677
663	0.5737
664	0.6191
665	0.7721
666	0.765
667	0.7676
668	0.7951
669	0.6558
670	0.5747
671	0.6217
672	0.568
673	0.5558
674	0.6017
675	0.616
676	0.5717
677	0.5429
678	0.7495
679	1.005
680	0.789
681	0.5113
682	0.5716
683	0.5561
684	0.6653
685	0.8633
686	0.812
687	0.7707
688	0.9228
689	0.9872
690	0.8889
691	1.1186
692	1.2517
693	1.1384
694	0.9908
695	1.042
696	1.2801
697	1.1931
698	1.0232
699	1.1927
700	1.0721
701	0.585
702	0.4912
703	0.4568
704	0.454
705	0.4987
706	0.6495
707	0.6546
708	0.689
709	0.7691
710	0.9518
711	0.9159
712	0.9696
713	0.9334
714	0.9045
715	1.0179
716	1.2591
717	1.2675
718	1.4967
719	1.4168
720	1.061
721	1.1037
722	0.9432
723	0.7972
724	0.9065
725	0.9776
726	1.0507
727	0.9531
728	0.8491
729	0.809
730	0.7288
731	0.6415
732	0.6748
733	0.717
734	0.6236
735	0.6311
736	0.6484
737	0.612
738	0.6197
739	0.7998
740	0.777
741	0.7554
742	0.878
743	1.0642
744	1.8785
745	3.4656
746	2.8122
747	1.8939
748	1.5538
749	0.9983
750	0.762
751	0.6092
752	0.528
753	0.5031
754	0.5087
755	0.4892
756	0.535
757	0.5821
758	0.7257
759	0.8152
760	0.9135
761	0.875
762	0.8871
763	0.9335
764	0.8971
765	0.7696
766	0.7248
767	0.7815
768	0.7516
769	0.6512
770	0.6931
771	0.7774
772	0.7477
773	0.7335
774	0.8275
775	0.8238
776	0.8102
777	0.7152
778	0.6987
779	0.6769
780	0.6478
781	0.6921
782	0.6598
783	0.7192
784	0.8844
785	0.7794
786	0.7432
787	0.6968
788	0.8706
789	0.7914
790	0.6704
791	0.6522
792	0.5921
793	0.5855
794	0.5603
795	0.5285
796	0.5582
797	0.6518
798	0.7153
799	0.9317
800	1.2747
801	0.9212
802	1.1803
803	1.0866
804	1.2836
805	1.1063
806	1.7282
807	2.0745
808	2.1315
809	2.1129
810	2.2408
811	1.8044
812	1.2609
813	0.9852
814	0.9266
815	0.6723
816	0.7977
817	0.9272
818	0.8061
819	0.75
820	1.1456
821	2.0301
822	1.7042
823	1.2378
824	1.1888
825	0.9906
826	1.2093
827	1.1127
828	1.1175
829	0.8208
830	0.847
831	0.9951
832	1.3983
833	3.4401
834	3.7252
835	3.5892
836	3.7606
837	4.3369
838	5.3012
839	6.2809
840	7.2925
841	6.9776
842	6.8436
843	6.6519
844	5.4089
845	4.6849
846	3.2446
847	2.5648
848	1.4649
849	1.0448
850	0.8885
851	1.196
852	1.6232
853	2.4182
854	2.4918
855	1.7931
856	1.4109
857	1.161
858	1.0574
859	0.9016
860	1.348
861	1.0135
862	0.9964
863	0.7804
864	0.6955
865	0.6622
866	0.6767
867	0.6122
868	0.6142
869	0.6598
870	0.6342
871	0.7641
872	0.9109
873	0.8406
874	0.6895
875	0.7205
876	0.9378
877	0.8736
878	1.8208
879	1.8743
880	1.5467
881	1.3955
882	1.235
883	1.211
884	1.2909
885	1.0683
886	0.9361
887	1.0453
888	0.9142
889	0.7497
890	0.8145
891	0.7439
892	0.6666
893	0.6126
894	0.662
895	0.5842
896	0.675
897	0.6298
898	0.5474
899	0.5842
900	0.6566
901	0.613
902	0.5662
903	0.6784
904	0.7433
905	0.6278
906	0.6984
907	0.7671
908	0.6595
909	0.619
910	0.7058
911	0.8059
912	1.574